{"frame_index": 0, "tracking_timestamp_ns": 124493754600, "slam_timestamp_ns": null, "gaze_timestamp_ns": null, "T_world_device": null, "gaze_centre_in_pixels": null, "gaze_direction_in_world": null}
{"frame_index": 1, "tracking_timestamp_ns": 124526351062, "slam_timestamp_ns": null, "gaze_timestamp_ns": null, "T_world_device": null, "gaze_centre_in_pixels": null, "gaze_direction_in_world": null}
{"frame_index": 2, "tracking_timestamp_ns": 124560411975, "slam_timestamp_ns": null, "gaze_timestamp_ns": null, "T_world_device": null, "gaze_centre_in_pixels": null, "gaze_direction_in_world": null}
{"frame_index": 3, "tracking_timestamp_ns": 124593739312, "slam_timestamp_ns": null, "gaze_timestamp_ns": null, "T_world_device": null, "gaze_centre_in_pixels": null, "gaze_direction_in_world": null}
{"frame_index": 4, "tracking_timestamp_ns": 124627064262, "slam_timestamp_ns": null, "gaze_timestamp_ns": null, "T_world_device": null, "gaze_centre_in_pixels": null, "gaze_direction_in_world": null}
{"frame_index": 5, "tracking_timestamp_ns": 124660391600, "slam_timestamp_ns": null, "gaze_timestamp_ns": null, "T_world_device": null, "gaze_centre_in_pixels": null, "gaze_direction_in_world": null}
{"frame_index": 6, "tracking_timestamp_ns": 124693718937, "slam_timestamp_ns": null, "gaze_timestamp_ns": null, "T_world_device": null, "gaze_centre_in_pixels": null, "gaze_direction_in_world": null}
{"frame_index": 7, "tracking_timestamp_ns": 124727046262, "slam_timestamp_ns": null, "gaze_timestamp_ns": null, "T_world_device": null, "gaze_centre_in_pixels": null, "gaze_direction_in_world": null}
{"frame_index": 8, "tracking_timestamp_ns": 124760373600, "slam_timestamp_ns": null, "gaze_timestamp_ns": null, "T_world_device": null, "gaze_centre_in_pixels": null, "gaze_direction_in_world": null}
{"frame_index": 9, "tracking_timestamp_ns": 124793704637, "slam_timestamp_ns": null, "gaze_timestamp_ns": null, "T_world_device": null, "gaze_centre_in_pixels": null, "gaze_direction_in_world": null}
{"frame_index": 10, "tracking_timestamp_ns": 124827031975, "slam_timestamp_ns": null, "gaze_timestamp_ns": null, "T_world_device": null, "gaze_centre_in_pixels": null, "gaze_direction_in_world": null}
{"frame_index": 11, "tracking_timestamp_ns": 124860359312, "slam_timestamp_ns": null, "gaze_timestamp_ns": null, "T_world_device": null, "gaze_centre_in_pixels": null, "gaze_direction_in_world": null}
{"frame_index": 12, "tracking_timestamp_ns": 124893686600, "slam_timestamp_ns": null, "gaze_timestamp_ns": null, "T_world_device": null, "gaze_centre_in_pixels": null, "gaze_direction_in_world": null}
{"frame_index": 13, "tracking_timestamp_ns": 124927013937, "slam_timestamp_ns": null, "gaze_timestamp_ns": null, "T_world_device": null, "gaze_centre_in_pixels": null, "gaze_direction_in_world": null}
{"frame_index": 14, "tracking_timestamp_ns": 124960341262, "slam_timestamp_ns": null, "gaze_timestamp_ns": null, "T_world_device": null, "gaze_centre_in_pixels": null, "gaze_direction_in_world": null}
{"frame_index": 15, "tracking_timestamp_ns": 124993672312, "slam_timestamp_ns": null, "gaze_timestamp_ns": null, "T_world_device": null, "gaze_centre_in_pixels": null, "gaze_direction_in_world": null}
{"frame_index": 16, "tracking_timestamp_ns": 125026999637, "slam_timestamp_ns": null, "gaze_timestamp_ns": null, "T_world_device": null, "gaze_centre_in_pixels": null, "gaze_direction_in_world": null}
{"frame_index": 17, "tracking_timestamp_ns": 125060326975, "slam_timestamp_ns": null, "gaze_timestamp_ns": null, "T_world_device": null, "gaze_centre_in_pixels": null, "gaze_direction_in_world": null}
{"frame_index": 18, "tracking_timestamp_ns": 125093654312, "slam_timestamp_ns": null, "gaze_timestamp_ns": null, "T_world_device": null, "gaze_centre_in_pixels": null, "gaze_direction_in_world": null}
{"frame_index": 19, "tracking_timestamp_ns": 125126981637, "slam_timestamp_ns": null, "gaze_timestamp_ns": null, "T_world_device": null, "gaze_centre_in_pixels": null, "gaze_direction_in_world": null}
{"frame_index": 20, "tracking_timestamp_ns": 125160312687, "slam_timestamp_ns": null, "gaze_timestamp_ns": null, "T_world_device": null, "gaze_centre_in_pixels": null, "gaze_direction_in_world": null}
{"frame_index": 21, "tracking_timestamp_ns": 125193640012, "slam_timestamp_ns": null, "gaze_timestamp_ns": null, "T_world_device": null, "gaze_centre_in_pixels": null, "gaze_direction_in_world": null}
{"frame_index": 22, "tracking_timestamp_ns": 125226967350, "slam_timestamp_ns": null, "gaze_timestamp_ns": null, "T_world_device": null, "gaze_centre_in_pixels": null, "gaze_direction_in_world": null}
{"frame_index": 23, "tracking_timestamp_ns": 125260294687, "slam_timestamp_ns": null, "gaze_timestamp_ns": null, "T_world_device": null, "gaze_centre_in_pixels": null, "gaze_direction_in_world": null}
{"frame_index": 24, "tracking_timestamp_ns": 125293651762, "slam_timestamp_ns": null, "gaze_timestamp_ns": null, "T_world_device": null, "gaze_centre_in_pixels": null, "gaze_direction_in_world": null}
{"frame_index": 25, "tracking_timestamp_ns": 125326949312, "slam_timestamp_ns": null, "gaze_timestamp_ns": null, "T_world_device": null, "gaze_centre_in_pixels": null, "gaze_direction_in_world": null}
{"frame_index": 26, "tracking_timestamp_ns": 125360280387, "slam_timestamp_ns": null, "gaze_timestamp_ns": null, "T_world_device": null, "gaze_centre_in_pixels": null, "gaze_direction_in_world": null}
{"frame_index": 27, "tracking_timestamp_ns": 125393644937, "slam_timestamp_ns": null, "gaze_timestamp_ns": null, "T_world_device": null, "gaze_centre_in_pixels": null, "gaze_direction_in_world": null}
{"frame_index": 28, "tracking_timestamp_ns": 125426935012, "slam_timestamp_ns": null, "gaze_timestamp_ns": null, "T_world_device": null, "gaze_centre_in_pixels": null, "gaze_direction_in_world": null}
{"frame_index": 29, "tracking_timestamp_ns": 125460262350, "slam_timestamp_ns": null, "gaze_timestamp_ns": null, "T_world_device": null, "gaze_centre_in_pixels": null, "gaze_direction_in_world": null}
{"frame_index": 30, "tracking_timestamp_ns": 125493589687, "slam_timestamp_ns": null, "gaze_timestamp_ns": null, "T_world_device": null, "gaze_centre_in_pixels": null, "gaze_direction_in_world": null}
{"frame_index": 31, "tracking_timestamp_ns": 125526920725, "slam_timestamp_ns": null, "gaze_timestamp_ns": null, "T_world_device": null, "gaze_centre_in_pixels": null, "gaze_direction_in_world": null}
{"frame_index": 32, "tracking_timestamp_ns": 125560248062, "slam_timestamp_ns": null, "gaze_timestamp_ns": null, "T_world_device": null, "gaze_centre_in_pixels": null, "gaze_direction_in_world": null}
{"frame_index": 33, "tracking_timestamp_ns": 125593582850, "slam_timestamp_ns": null, "gaze_timestamp_ns": null, "T_world_device": null, "gaze_centre_in_pixels": null, "gaze_direction_in_world": null}
{"frame_index": 34, "tracking_timestamp_ns": 125626902725, "slam_timestamp_ns": null, "gaze_timestamp_ns": null, "T_world_device": null, "gaze_centre_in_pixels": null, "gaze_direction_in_world": null}
{"frame_index": 35, "tracking_timestamp_ns": 125660230062, "slam_timestamp_ns": null, "gaze_timestamp_ns": null, "T_world_device": null, "gaze_centre_in_pixels": null, "gaze_direction_in_world": null}
{"frame_index": 36, "tracking_timestamp_ns": 125693557350, "slam_timestamp_ns": null, "gaze_timestamp_ns": null, "T_world_device": null, "gaze_centre_in_pixels": null, "gaze_direction_in_world": null}
{"frame_index": 37, "tracking_timestamp_ns": 125726888437, "slam_timestamp_ns": null, "gaze_timestamp_ns": null, "T_world_device": null, "gaze_centre_in_pixels": null, "gaze_direction_in_world": null}
{"frame_index": 38, "tracking_timestamp_ns": 125760215762, "slam_timestamp_ns": null, "gaze_timestamp_ns": null, "T_world_device": null, "gaze_centre_in_pixels": null, "gaze_direction_in_world": null}
{"frame_index": 39, "tracking_timestamp_ns": 125793543062, "slam_timestamp_ns": null, "gaze_timestamp_ns": null, "T_world_device": null, "gaze_centre_in_pixels": null, "gaze_direction_in_world": null}
{"frame_index": 40, "tracking_timestamp_ns": 125826870387, "slam_timestamp_ns": null, "gaze_timestamp_ns": null, "T_world_device": null, "gaze_centre_in_pixels": null, "gaze_direction_in_world": null}
{"frame_index": 41, "tracking_timestamp_ns": 125860197725, "slam_timestamp_ns": null, "gaze_timestamp_ns": null, "T_world_device": null, "gaze_centre_in_pixels": null, "gaze_direction_in_world": null}
{"frame_index": 42, "tracking_timestamp_ns": 125893528762, "slam_timestamp_ns": null, "gaze_timestamp_ns": null, "T_world_device": null, "gaze_centre_in_pixels": null, "gaze_direction_in_world": null}
{"frame_index": 43, "tracking_timestamp_ns": 125926856100, "slam_timestamp_ns": null, "gaze_timestamp_ns": null, "T_world_device": null, "gaze_centre_in_pixels": null, "gaze_direction_in_world": null}
{"frame_index": 44, "tracking_timestamp_ns": 125960183437, "slam_timestamp_ns": 125960674000, "gaze_timestamp_ns": 126026944000, "T_world_device": [[0.12874488161670516, 0.9884597251656362, 0.07982560480807815, -0.45423299999999994], [0.11474538831802811, 0.06510632298973018, -0.9912591298780061, -0.30207400000000006], [-0.9850168786966269, 0.13677915934904628, -0.10503908915505056, -0.000464]], "gaze_centre_in_pixels": [659, 493], "gaze_direction_in_world": [-0.2477568066514862, -0.9582196627417223, -0.14293929723137036]}
{"frame_index": 45, "tracking_timestamp_ns": 125993510762, "slam_timestamp_ns": 125992579000, "gaze_timestamp_ns": 126026944000, "T_world_device": [[0.1326354601987767, 0.9881186252629666, 0.07764932135108416, -0.45425699999999997], [0.1138986616823357, 0.06262768090347004, -0.9915164489062327, -0.30757000000000007], [-0.9845988673387917, 0.14035439427776514, -0.10423873772302739, -0.001096]], "gaze_centre_in_pixels": [659, 493], "gaze_direction_in_world": [-0.24970617649138155, -0.957651853307465, -0.14335185132684108]}
{"frame_index": 46, "tracking_timestamp_ns": 126026838100, "slam_timestamp_ns": 126026933000, "gaze_timestamp_ns": 126026944000, "T_world_device": [[0.13667089381164677, 0.9877457877136493, 0.07536130066996238, -0.454765], [0.11305718767217549, 0.060025290425845146, -0.991773682260702, -0.3133290000000001], [-0.9841438609778473, 0.14406673232650163, -0.1034680508001391, -0.0016380000000000001]], "gaze_centre_in_pixels": [659, 493], "gaze_direction_in_world": [-0.25175092632853235, -0.9570435231323349, -0.14383728975190563]}
{"frame_index": 47, "tracking_timestamp_ns": 126060165437, "slam_timestamp_ns": 126060566000, "gaze_timestamp_ns": 126026944000, "T_world_device": [[0.14003559249597264, 0.9874262382750794, 0.07334478032026526, -0.455711], [0.11243231446923435, 0.057738049819389126, -0.9919804898616428, -0.3185180000000001], [-0.9837423481264761, 0.14715889904786528, -0.10293323532089671, -0.0017460000000000002]], "gaze_centre_in_pixels": [659, 493], "gaze_direction_in_world": [-0.2535557978106027, -0.9564907661857086, -0.14434289590452593]}
{"frame_index": 48, "tracking_timestamp_ns": 126093496475, "slam_timestamp_ns": 126094467000, "gaze_timestamp_ns": 126026944000, "T_world_device": [[0.1423552714689118, 0.9871847789240671, 0.0721192688929499, -0.45723499999999995], [0.1115076175105088, 0.05640309386852338, -0.9921616512641419, -0.3234850000000001], [-0.9835146302532274, 0.1492812890576033, -0.10204934500112106, -0.0017050000000000001]], "gaze_centre_in_pixels": [659, 493], "gaze_direction_in_world": [-0.25463752605419776, -0.9562246962275378, -0.14420145855555924]}
{"frame_index": 49, "tracking_timestamp_ns": 126126823812, "slam_timestamp_ns": 126126917000, "gaze_timestamp_ns": 126026944000, "T_world_device": [[0.14401082612487337, 0.98703245251621, 0.07090711980236536, -0.459479], [0.110982888062989, 0.055092394104210074, -0.9922941230648624, -0.32799400000000006], [-0.9833329448950794, 0.15077057336132238, -0.10160981100399935, -0.0016300000000000002]], "gaze_centre_in_pixels": [659, 493], "gaze_direction_in_world": [-0.25573505951280023, -0.9559209588275955, -0.14427300443989863]}
{"frame_index": 50, "tracking_timestamp_ns": 126160151137, "slam_timestamp_ns": 126160409000, "gaze_timestamp_ns": 126226912000, "T_world_device": [[0.14558389340225397, 0.986840483210025, 0.07036469768034226, -0.462332], [0.1114053397284176, 0.05431812572446204, -0.9922894696094371, -0.3329520000000001], [-0.9830534981687606, 0.15230036741776565, -0.10203145506448852, -0.0019000000000000002]], "gaze_centre_in_pixels": [620, 489], "gaze_direction_in_world": [-0.2614669192929831, -0.9613900428035271, -0.08581512520336189]}
{"frame_index": 51, "tracking_timestamp_ns": 126193478437, "slam_timestamp_ns": 126194311000, "gaze_timestamp_ns": 126226912000, "T_world_device": [[0.1480253215137206, 0.9865003614415321, 0.07003956786336024, -0.466216], [0.11166878922165158, 0.05369488043670989, -0.9922937777335187, -0.3378010000000001], [-0.9826589366125613, 0.15470583922597758, -0.10221309898861275, -0.0021449999999999998]], "gaze_centre_in_pixels": [620, 489], "gaze_direction_in_world": [-0.2618124432842002, -0.9612086254607853, -0.08678837987510196]}
{"frame_index": 52, "tracking_timestamp_ns": 126226805762, "slam_timestamp_ns": 126226901000, "gaze_timestamp_ns": 126226912000, "T_world_device": [[0.1502159788015759, 0.9862091493834848, 0.06947426419177044, -0.47101200000000004], [0.11113070171040734, 0.05298280660038135, -0.9923924573182219, -0.34238100000000005], [-0.9823874626897662, 0.15679392806180353, -0.1016392506510797, -0.002385]], "gaze_centre_in_pixels": [620, 489], "gaze_direction_in_world": [-0.2623853361867395, -0.9610388663769727, -0.08693809675300641]}
{"frame_index": 53, "tracking_timestamp_ns": 126260133100, "slam_timestamp_ns": 126260296000, "gaze_timestamp_ns": 126226912000, "T_world_device": [[0.1517444287298536, 0.9859361175732918, 0.07002571252015133, -0.47704], [0.11057309038911989, 0.05346865220025787, -0.9924286850518216, -0.346567], [-0.9822154651761752, 0.1583384833083618, -0.1009044333632465, -0.0028810000000000003]], "gaze_centre_in_pixels": [620, 489], "gaze_direction_in_world": [-0.26186925121399535, -0.9611962519942182, -0.08675402250552333]}
{"frame_index": 54, "tracking_timestamp_ns": 126293464137, "slam_timestamp_ns": 126294207000, "gaze_timestamp_ns": 126226912000, "T_world_device": [[0.15356710919076133, 0.9855306423370345, 0.07173908272026697, -0.484167], [0.11042344875921956, 0.05502983300716424, -0.9923600049595529, -0.350845], [-0.9819489828595541, 0.16031553416296296, -0.10037492001058368, -0.0037870000000000004]], "gaze_centre_in_pixels": [620, 489], "gaze_direction_in_world": [-0.2602309932730366, -0.9616270513552857, -0.0869094024940203]}
{"frame_index": 55, "tracking_timestamp_ns": 126326791475, "slam_timestamp_ns": 126326885000, "gaze_timestamp_ns": 126226912000, "T_world_device": [[0.1555739013834605, 0.9851083129945968, 0.0732009076259918, -0.492154], [0.11035942162335993, 0.056306383600825294, -0.9922955150683461, -0.355037], [-0.9816402392258003, 0.16245369443240248, -0.09995617988887329, -0.0051]], "gaze_centre_in_pixels": [620, 489], "gaze_direction_in_world": [-0.25883602470535333, -0.9619749880513563, -0.08722404873842257]}
{"frame_index": 56, "tracking_timestamp_ns": 126360118812, "slam_timestamp_ns": 126360119000, "gaze_timestamp_ns": 126426880000, "T_world_device": [[0.15611589659906888, 0.9848231675159377, 0.07583637354821182, -0.501234], [0.11090592880875516, 0.05881488093161713, -0.992089050809486, -0.36007300000000003], [-0.9814925887566018, 0.16329157511909403, -0.10004079023572832, -0.007135]], "gaze_centre_in_pixels": [753, 598], "gaze_direction_in_world": [-0.3645910664030896, -0.8765304087625132, -0.3142734427432257]}
{"frame_index": 57, "tracking_timestamp_ns": 126393446137, "slam_timestamp_ns": 126394020000, "gaze_timestamp_ns": 126426880000, "T_world_device": [[0.1556798547051491, 0.9845605155101187, 0.08002733368939174, -0.511575], [0.11245792339408966, 0.06282311159065102, -0.9916685293564367, -0.3653220000000001], [-0.9813852445930054, 0.163382520327354, -0.10094133814552464, -0.009639000000000002]], "gaze_centre_in_pixels": [753, 598], "gaze_direction_in_world": [-0.3608767019012618, -0.8777751351979386, -0.3150854139009109]}
{"frame_index": 58, "tracking_timestamp_ns": 126426773475, "slam_timestamp_ns": 126426869000, "gaze_timestamp_ns": 126426880000, "T_world_device": [[0.15364081302888954, 0.9842977010185928, 0.08690532976368481, -0.522573], [0.1143542732412205, 0.0696469384268692, -0.9909956630375515, -0.37047300000000005], [-0.9814874429982761, 0.16219537520310767, -0.10185803600810828, -0.012277000000000001]], "gaze_centre_in_pixels": [753, 598], "gaze_direction_in_world": [-0.35506282459052446, -0.8800469292780975, -0.3153534411767057]}
{"frame_index": 59, "tracking_timestamp_ns": 126460104512, "slam_timestamp_ns": 126460891000, "gaze_timestamp_ns": 126426880000, "T_world_device": [[0.1494710565557752, 0.9839258987752427, 0.09771503963787304, -0.5347470000000001], [0.11637852642719071, 0.08063157149301081, -0.9899265570057221, -0.37583400000000006], [-0.9818932945278402, 0.1593373007110963, -0.10245576003019918, -0.015072]], "gaze_centre_in_pixels": [753, 598], "gaze_direction_in_world": [-0.3460935195496657, -0.8838749107827408, -0.3146178917584426]}
{"frame_index": 60, "tracking_timestamp_ns": 126493431850, "slam_timestamp_ns": 126493840000, "gaze_timestamp_ns": 126426880000, "T_world_device": [[0.1449192698244035, 0.9831923517909085, 0.11104595721332816, -0.5476960000000001], [0.118704976403951, 0.09414378543323831, -0.9884564108959168, -0.38114800000000004], [-0.9822970700406772, 0.15642808905104916, -0.1030665762763947, -0.017902]], "gaze_centre_in_pixels": [753, 598], "gaze_direction_in_world": [-0.33481408106860705, -0.8884735549933669, -0.3138698347972179]}
{"frame_index": 61, "tracking_timestamp_ns": 126526759187, "slam_timestamp_ns": 126526790000, "gaze_timestamp_ns": 126426880000, "T_world_device": [[0.13917341453851217, 0.9820094817809459, 0.12762499119690318, -0.5617780000000001], [0.12168033572027026, 0.11094411819645988, -0.9863494809329056, -0.3865260000000001], [-0.982763784733999, 0.1528030769648574, -0.10405077167122867, -0.020853]], "gaze_centre_in_pixels": [753, 598], "gaze_direction_in_world": [-0.32067450026239996, -0.8939347740199506, -0.31312694658773793]}
{"frame_index": 62, "tracking_timestamp_ns": 126560086512, "slam_timestamp_ns": 126560756000, "gaze_timestamp_ns": 126626848000, "T_world_device": [[0.13239764405587007, 0.9801407936253895, 0.14763091993158772, -0.5777530000000001], [0.12413723599843551, 0.13137291113762573, -0.9835299206724188, -0.39198600000000006], [-0.9833925007275193, 0.14854353870369869, -0.10427850508258585, -0.023344]], "gaze_centre_in_pixels": [756, 650], "gaze_direction_in_world": [-0.3790923818548165, -0.8659255788002379, -0.32628493376053197]}
{"frame_index": 63, "tracking_timestamp_ns": 126593413812, "slam_timestamp_ns": 126593705000, "gaze_timestamp_ns": 126626848000, "T_world_device": [[0.12618594055350585, 0.9776978357175312, 0.1678810603965878, -0.594623], [0.12678625844057106, 0.15195098471355817, -0.9802224966379933, -0.397432], [-0.9838711059266189, 0.14497530920068996, -0.10478457255195828, -0.025637]], "gaze_centre_in_pixels": [756, 650], "gaze_direction_in_world": [-0.3619999932526539, -0.8737334450840198, -0.3248782415408709]}
{"frame_index": 64, "tracking_timestamp_ns": 126626744887, "slam_timestamp_ns": 126626837000, "gaze_timestamp_ns": 126626848000, "T_world_device": [[0.11964788446336816, 0.9749770329532303, 0.18736106574514444, -0.613202], [0.13018057789472848, 0.17168075271889993, -0.9765135617516363, -0.40328800000000004], [-0.984244583872543, 0.14122855362704723, -0.1063818347180443, -0.027028999999999997]], "gaze_centre_in_pixels": [756, 650], "gaze_direction_in_world": [-0.34545154682770923, -0.880633732495811, -0.3242644877023064]}
{"frame_index": 65, "tracking_timestamp_ns": 126660072225, "slam_timestamp_ns": 126660629000, "gaze_timestamp_ns": 126626848000, "T_world_device": [[0.11524437142279387, 0.9721575507232256, 0.20403046690919646, -0.6338440000000002], [0.1354237772372977, 0.18810471784443616, -0.9727677090053145, -0.40962000000000004], [-0.9840625668188728, 0.13973657966504172, -0.10997523761905503, -0.026989000000000003]], "gaze_centre_in_pixels": [756, 650], "gaze_direction_in_world": [-0.3308341294882855, -0.8854370786592071, -0.3264199113123731]}
{"frame_index": 66, "tracking_timestamp_ns": 126693399512, "slam_timestamp_ns": 126693578000, "gaze_timestamp_ns": 126626848000, "T_world_device": [[0.11398480705802594, 0.9696379364858363, 0.21635557743546585, -0.6552810000000001], [0.141935959389978, 0.19964713596772954, -0.9695334984062848, -0.416439], [-0.983291232134199, 0.14122072520480888, -0.11486975050306669, -0.025666]], "gaze_centre_in_pixels": [756, 650], "gaze_direction_in_world": [-0.31946829978442143, -0.8878521472882613, -0.3311473538901895]}
{"frame_index": 67, "tracking_timestamp_ns": 126726726850, "slam_timestamp_ns": 126726821000, "gaze_timestamp_ns": 126626848000, "T_world_device": [[0.11171041641373392, 0.9668965376712813, 0.2294163645077636, -0.6771580000000001], [0.1488259454256578, 0.21197949856410503, -0.9658755251877282, -0.42391900000000005], [-0.9825332670362004, 0.14204146446654037, -0.12021897329195297, -0.023363000000000002]], "gaze_centre_in_pixels": [756, 650], "gaze_direction_in_world": [-0.30753927719065804, -0.8902756248333458, -0.33590014113221683]}
{"frame_index": 68, "tracking_timestamp_ns": 126760054187, "slam_timestamp_ns": 126760436000, "gaze_timestamp_ns": 126826816000, "T_world_device": [[0.10621822448126816, 0.9631714174897815, 0.24701924888310178, -0.699418], [0.15563649483420228, 0.22925836629034824, -0.9608422778799879, -0.43027000000000004], [-0.9820870482109874, 0.14050417081569294, -0.1255532067277625, -0.021913000000000002]], "gaze_centre_in_pixels": [820, 444], "gaze_direction_in_world": [0.0313573820739729, -0.9233107888330241, -0.38277134403453694]}
{"frame_index": 69, "tracking_timestamp_ns": 126793381512, "slam_timestamp_ns": 126793386000, "gaze_timestamp_ns": 126826816000, "T_world_device": [[0.09866646969093784, 0.957913396684954, 0.26956789907224055, -0.7200890000000001], [0.16130817311428874, 0.2519112834556141, -0.9542119149089872, -0.43711600000000006], [-0.9819595720014436, 0.13763222631069955, -0.12966406300707423, -0.020797]], "gaze_centre_in_pixels": [820, 444], "gaze_direction_in_world": [0.05207806032706373, -0.9210519033394334, -0.3859420513333283]}
{"frame_index": 70, "tracking_timestamp_ns": 126826712562, "slam_timestamp_ns": 126826805000, "gaze_timestamp_ns": 126826816000, "T_world_device": [[0.09022181149406228, 0.9495632842129793, 0.30031582376789806, -0.7392910000000001], [0.16572295619761573, 0.28302726764929775, -0.9446859094726121, -0.44481400000000004], [-0.9820366217814149, 0.13500050015327325, -0.13182920176695756, -0.020451000000000004]], "gaze_centre_in_pixels": [820, 444], "gaze_direction_in_world": [0.08104743908887233, -0.9183495776915972, -0.3873827122766326]}
{"frame_index": 71, "tracking_timestamp_ns": 126860039887, "slam_timestamp_ns": 126860329000, "gaze_timestamp_ns": 126826816000, "T_world_device": [[0.08664433494824553, 0.9378054126110049, 0.3361752032778141, -0.7560650000000001], [0.17053714214867477, 0.3185015197622394, -0.9324558247214219, -0.454993], [-0.9815344325947712, 0.13812237322985382, -0.13233430259843493, -0.019664000000000004]], "gaze_centre_in_pixels": [820, 444], "gaze_direction_in_world": [0.11678484724836338, -0.914028640979036, -0.38847515097261126]}
{"frame_index": 72, "tracking_timestamp_ns": 126893367225, "slam_timestamp_ns": 126894323000, "gaze_timestamp_ns": 126826816000, "T_world_device": [[0.08689623474652186, 0.9231230210292776, 0.37455698155642186, -0.771484], [0.17865153874665612, 0.35544444336802583, -0.9174654627735295, -0.46673699999999996], [-0.9800676875044549, 0.1466394753283527, -0.13403056436908756, -0.019515000000000005]], "gaze_centre_in_pixels": [820, 444], "gaze_direction_in_world": [0.1564907742974365, -0.9066730386216297, -0.3917328663724927]}
{"frame_index": 73, "tracking_timestamp_ns": 126926694562, "slam_timestamp_ns": 126926789000, "gaze_timestamp_ns": 126826816000, "T_world_device": [[0.08637062888339364, 0.9068368795720254, 0.4125372568803442, -0.784668], [0.19110962182462204, 0.39131365008586405, -0.9001948343011794, -0.479221], [-0.9777613343307952, 0.1565902331071447, -0.13950724706305762, -0.020096]], "gaze_centre_in_pixels": [820, 444], "gaze_direction_in_world": [0.19601225321830534, -0.8958915063920438, -0.398694877522746]}
{"frame_index": 74, "tracking_timestamp_ns": 126960021887, "slam_timestamp_ns": 126960090000, "gaze_timestamp_ns": 127026784000, "T_world_device": [[0.08391727153486506, 0.8883058477285375, 0.4515203344584037, -0.796118], [0.2048584747800002, 0.4280604775296597, -0.8802256715683157, -0.49333499999999997], [-0.9751876213575295, 0.1663639037422618, -0.14605531377762282, -0.021370000000000004]], "gaze_centre_in_pixels": [786, 546], "gaze_direction_in_world": [0.08339989560594313, -0.916339395732341, -0.3916204402757931]}
{"frame_index": 75, "tracking_timestamp_ns": 126993349187, "slam_timestamp_ns": 126994084000, "gaze_timestamp_ns": 127026784000, "T_world_device": [[0.08115458283175547, 0.8678950004209363, 0.4900736699005024, -0.806096], [0.2177722293342776, 0.46437524497274907, -0.8584467880930524, -0.5086240000000001], [-0.9726197560281111, 0.17639132660321533, -0.15131724978658334, -0.023292999999999998]], "gaze_centre_in_pixels": [786, 546], "gaze_direction_in_world": [0.12542142360269756, -0.9080290272356513, -0.3996908207589333]}
{"frame_index": 76, "tracking_timestamp_ns": 127026680262, "slam_timestamp_ns": 127026773000, "gaze_timestamp_ns": 127026784000, "T_world_device": [[0.07720723299124022, 0.8471858998272492, 0.525656821802714, -0.8139250000000001], [0.2286277374069124, 0.4981374540919036, -0.8364140329520019, -0.523892], [-0.9704475260734255, 0.18475694294053102, -0.1552303809608062, -0.025627]], "gaze_centre_in_pixels": [786, 546], "gaze_direction_in_world": [0.16464150038457995, -0.898925455769542, -0.40598793248154047]}
{"frame_index": 77, "tracking_timestamp_ns": 127060007600, "slam_timestamp_ns": 127059979000, "gaze_timestamp_ns": 127026784000, "T_world_device": [[0.07079623722453521, 0.827392150546354, 0.5571446149871031, -0.8203410000000001], [0.23726246645011734, 0.528547679270715, -0.8150729248058413, -0.5398210000000001], [-0.968862433376821, 0.18989360166109132, -0.15888991547396758, -0.028208]], "gaze_centre_in_pixels": [786, 546], "gaze_direction_in_world": [0.19932334500747206, -0.889607276476813, -0.4109368537555853]}
{"frame_index": 78, "tracking_timestamp_ns": 127093334887, "slam_timestamp_ns": 127093973000, "gaze_timestamp_ns": 127026784000, "T_world_device": [[0.06320793661281288, 0.8100289866775165, 0.582973239086792, -0.8258230000000001], [0.24451037752113208, 0.5537692174772005, -0.7959612610291799, -0.5566540000000001], [-0.9675843281252666, 0.19285407570721558, -0.16305788373915364, -0.031174]], "gaze_centre_in_pixels": [786, 546], "gaze_direction_in_world": [0.22773525165765213, -0.8805889071282533, -0.4155716927259293]}
{"frame_index": 79, "tracking_timestamp_ns": 127126662225, "slam_timestamp_ns": 127126757000, "gaze_timestamp_ns": 127026784000, "T_world_device": [[0.05677558339321975, 0.796523590635458, 0.6019357961540062, -0.8299730000000001], [0.2508692820271574, 0.5721827292642835, -0.7808146564114011, -0.573037], [-0.9663545604308692, 0.19533840864733482, -0.16733729303890632, -0.03413000000000001]], "gaze_centre_in_pixels": [786, 546], "gaze_direction_in_world": [0.24871162129267832, -0.8727140322896407, -0.42013420151033104]}
{"frame_index": 80, "tracking_timestamp_ns": 127159989562, "slam_timestamp_ns": 127159906000, "gaze_timestamp_ns": 127226752000, "T_world_device": [[0.05103660869412119, 0.7854744025634285, 0.6167862089011298, -0.832187], [0.2537880901841477, 0.587116921016315, -0.768690657115725, -0.5894029999999999], [-0.9659124545494204, 0.1957643582829806, -0.16937959195950003, -0.036603000000000004]], "gaze_centre_in_pixels": [783, 596], "gaze_direction_in_world": [0.18978761194167476, -0.8826933497819369, -0.4299222169232704]}
{"frame_index": 81, "tracking_timestamp_ns": 127193320600, "slam_timestamp_ns": 127193900000, "gaze_timestamp_ns": 127226752000, "T_world_device": [[0.0468827250696755, 0.7750935938906607, 0.6301046982841036, -0.8327300000000001], [0.2516983456343862, 0.6012782668967392, -0.7583616476078987, -0.6056470000000002], [-0.9666695158610075, 0.19415037076275016, -0.16690021161679924, -0.038259999999999995]], "gaze_centre_in_pixels": [783, 596], "gaze_direction_in_world": [0.2052246534362644, -0.8805634032822792, -0.4271895766774925]}
{"frame_index": 82, "tracking_timestamp_ns": 127226647937, "slam_timestamp_ns": 127226741000, "gaze_timestamp_ns": 127226752000, "T_world_device": [[0.04162365720836614, 0.7645663416383055, 0.6431996427194427, -0.8320780000000001], [0.24369492816549648, 0.6165464799106333, -0.7486542727429135, -0.6215780000000001], [-0.9689583340613849, 0.1879062195448174, -0.16065802037047838, -0.037346]], "gaze_centre_in_pixels": [783, 596], "gaze_direction_in_world": [0.22031188556016332, -0.8806633344883373, -0.41939809771720304]}
{"frame_index": 83, "tracking_timestamp_ns": 127259975262, "slam_timestamp_ns": 127259770000, "gaze_timestamp_ns": 127226752000, "T_world_device": [[0.034635361368728246, 0.7508654238561294, 0.6595464403665691, -0.830383], [0.24022499268970826, 0.6343389838187291, -0.7347829655721829, -0.6364850000000001], [-0.9700991416500103, 0.18388901235576044, -0.15840608102195985, -0.036391]], "gaze_centre_in_pixels": [783, 596], "gaze_direction_in_world": [0.23931428275717012, -0.877380727925063, -0.4158506130019622]}
{"frame_index": 84, "tracking_timestamp_ns": 127293302600, "slam_timestamp_ns": 127293764000, "gaze_timestamp_ns": 127226752000, "T_world_device": [[0.02061857451498672, 0.7319156610854755, 0.6810832103662382, -0.8279780000000001], [0.24328164954846385, 0.6570792243738143, -0.7134850607330787, -0.6499040000000001], [-0.9697365175025371, 0.18040609178771666, -0.16451361240922768, -0.036566999999999995]], "gaze_centre_in_pixels": [783, 596], "gaze_direction_in_world": [0.26379083692833694, -0.8685804392035907, -0.4195025804277549]}
{"frame_index": 85, "tracking_timestamp_ns": 127326629937, "slam_timestamp_ns": 127326667000, "gaze_timestamp_ns": 127226752000, "T_world_device": [[0.0009708496651272824, 0.7091553435025292, 0.7050515982768476, -0.825852], [0.2503136787581287, 0.6824340964380493, -0.6867508764066891, -0.66041], [-0.9681643040711115, 0.17715079113736132, -0.17684874192910405, -0.037807]], "gaze_centre_in_pixels": [783, 596], "gaze_direction_in_world": [0.29097499533960053, -0.8554458097725435, -0.42842271021704353]}
{"frame_index": 86, "tracking_timestamp_ns": 127359957262, "slam_timestamp_ns": 127359641000, "gaze_timestamp_ns": 127426720000, "T_world_device": [[-0.017005017451602766, 0.683749368538328, 0.7295187663144167, -0.824303], [0.25903947343182376, 0.7077252451149187, -0.6572849675986754, -0.6701100000000001], [-0.9657170292511332, 0.17779701474002854, -0.1891529565296297, -0.036925999999999994]], "gaze_centre_in_pixels": [946, 652], "gaze_direction_in_world": [0.21902050138441395, -0.7231229457532512, -0.6550749768526198]}
{"frame_index": 87, "tracking_timestamp_ns": 127393288312, "slam_timestamp_ns": 127393635000, "gaze_timestamp_ns": 127426720000, "T_world_device": [[-0.03215823724240496, 0.6564428479361313, 0.7536900126517282, -0.8238990000000002], [0.2656151935304216, 0.7325772086051406, -0.6267209924664219, -0.6782850000000001], [-0.963542638777993, 0.180037276211904, -0.19791958576891955, -0.034926]], "gaze_centre_in_pixels": [946, 652], "gaze_direction_in_world": [0.2437407030486461, -0.7089129743099106, -0.6618405129126107]}
{"frame_index": 88, "tracking_timestamp_ns": 127426615637, "slam_timestamp_ns": 127426538000, "gaze_timestamp_ns": 127426720000, "T_world_device": [[-0.047177380972729166, 0.6268404966362755, 0.7777179993425262, -0.824598], [0.2657650910336063, 0.7583986155829958, -0.5951474239797181, -0.684527], [-0.9628827608345957, 0.17861279813771114, -0.20237158206864003, -0.032338000000000006]], "gaze_centre_in_pixels": [946, 652], "gaze_direction_in_world": [0.26950990374536477, -0.6972380856231671, -0.6642465383723917]}
{"frame_index": 89, "tracking_timestamp_ns": 127459942975, "slam_timestamp_ns": 127460476000, "gaze_timestamp_ns": 127526704000, "T_world_device": [[-0.05994501248046191, 0.5920334164099734, 0.8036809250770185, -0.8266570000000001], [0.2614261977413115, 0.7863377449978856, -0.5597582459653104, -0.690084], [-0.9633602330453743, 0.17654853339967277, -0.2019100709256143, -0.028828999999999997]], "gaze_centre_in_pixels": [948, 707], "gaze_direction_in_world": [0.22065893482173696, -0.7074407157863262, -0.6714441660563201]}
{"frame_index": 90, "tracking_timestamp_ns": 127493270262, "slam_timestamp_ns": 127493471000, "gaze_timestamp_ns": 127526704000, "T_world_device": [[-0.0701774841658993, 0.5559787589358085, 0.8282286763499216, -0.8293119999999999], [0.25582486953338035, 0.8125385988178068, -0.5237696646040358, -0.694702], [-0.9641725762768685, 0.17512465572669492, -0.1992551081208025, -0.025659]], "gaze_centre_in_pixels": [948, 707], "gaze_direction_in_world": [0.25309064389686103, -0.6986996385546312, -0.6691516577394846]}
{"frame_index": 91, "tracking_timestamp_ns": 127526597600, "slam_timestamp_ns": 127526693000, "gaze_timestamp_ns": 127526704000, "T_world_device": [[-0.07970575120295753, 0.5185781490940958, 0.8513070518369468, -0.832518], [0.2502167868043561, 0.8370894715068206, -0.48649026330825496, -0.6987280000000001], [-0.9649033904109134, 0.17423524320462125, -0.19647780332381282, -0.023221]], "gaze_centre_in_pixels": [948, 707], "gaze_direction_in_world": [0.2855291166070096, -0.6881486141354007, -0.6670266924442738]}
{"frame_index": 92, "tracking_timestamp_ns": 127559928637, "slam_timestamp_ns": 127560363000, "gaze_timestamp_ns": 127526704000, "T_world_device": [[-0.08922985873040301, 0.47710335403685283, 0.87430567988418, -0.8355659999999999], [0.24462316896110176, 0.8614180809399841, -0.4451049258737803, -0.701411], [-0.9655037739534635, 0.17415877639803473, -0.19357474805655506, -0.021924000000000003]], "gaze_centre_in_pixels": [948, 707], "gaze_direction_in_world": [0.32013006254853277, -0.6745594209894088, -0.66519646015828]}
{"frame_index": 93, "tracking_timestamp_ns": 127593255975, "slam_timestamp_ns": 127593359000, "gaze_timestamp_ns": 127526704000, "T_world_device": [[-0.10061385629184438, 0.43265454740720666, 0.8959279516400579, -0.8388200000000001], [0.2380737366282496, 0.8848063848234955, -0.40054782149381274, -0.7028750000000001], [-0.9660216083763072, 0.1729962542468525, -0.19202746721917552, -0.021629]], "gaze_centre_in_pixels": [948, 707], "gaze_direction_in_world": [0.35453925498312694, -0.6586388814594508, -0.6636992846959028]}
{"frame_index": 94, "tracking_timestamp_ns": 127626583312, "slam_timestamp_ns": 127626677000, "gaze_timestamp_ns": 127526704000, "T_world_device": [[-0.11299480831727582, 0.3838595424798615, 0.916451867225166, -0.842593], [0.22845467757093801, 0.9076842151233564, -0.35201963853151025, -0.7030230000000001], [-0.9669749911912411, 0.1695913242564247, -0.1902581119102451, -0.021518000000000002]], "gaze_centre_in_pixels": [948, 707], "gaze_direction_in_world": [0.3900876782713503, -0.6410026772729481, -0.6610197962162558]}
{"frame_index": 95, "tracking_timestamp_ns": 127659910637, "slam_timestamp_ns": 127660216000, "gaze_timestamp_ns": 127726672000, "T_world_device": [[-0.12397319778707216, 0.33031254864109016, 0.9356945369300149, -0.8482890000000001], [0.21432602147293991, 0.9296239185037841, -0.2997727917360926, -0.701503], [-0.9688627367950677, 0.16337989581309356, -0.18604302430909447, -0.022076]], "gaze_centre_in_pixels": [834, 687], "gaze_direction_in_world": [0.5035171788630113, -0.6944482892502031, -0.5140155874555757]}
{"frame_index": 96, "tracking_timestamp_ns": 127693237975, "slam_timestamp_ns": 127694164000, "gaze_timestamp_ns": 127726672000, "T_world_device": [[-0.13306313770476352, 0.27150298165943565, 0.9531948029307542, -0.8546330000000001], [0.19564716699187054, 0.9500178689801682, -0.24328632239901038, -0.6987610000000001], [-0.9716050573315365, 0.15411742136571138, -0.17953114771360834, -0.022076]], "gaze_centre_in_pixels": [834, 687], "gaze_direction_in_world": [0.5475961225117203, -0.667517230779871, -0.5045386340233039]}
{"frame_index": 97, "tracking_timestamp_ns": 127726565312, "slam_timestamp_ns": 127726661000, "gaze_timestamp_ns": 127726672000, "T_world_device": [[-0.13956754741971555, 0.2119299946840209, 0.9672675829678554, -0.861357], [0.17756210610349482, 0.9663515050486922, -0.18610875091252116, -0.695165], [-0.9741625111773382, 0.145775327279202, -0.1725020457075941, -0.021721]], "gaze_centre_in_pixels": [834, 687], "gaze_direction_in_world": [0.5901903429745377, -0.637593415413489, -0.49512624216553053]}
{"frame_index": 98, "tracking_timestamp_ns": 127759896350, "slam_timestamp_ns": 127760048000, "gaze_timestamp_ns": 127726672000, "T_world_device": [[-0.14371621377755672, 0.1499249124646839, 0.9781963864786566, -0.8679920000000001], [0.15878101158899002, 0.979145029232244, -0.126742266385626, -0.6912240000000001], [-0.9767979526269602, 0.13710409312724706, -0.16452424560390644, -0.019802]], "gaze_centre_in_pixels": [834, 687], "gaze_direction_in_world": [0.6323935133992611, -0.6041789785831897, -0.4848156412995687]}
{"frame_index": 99, "tracking_timestamp_ns": 127793223687, "slam_timestamp_ns": 127793996000, "gaze_timestamp_ns": 127726672000, "T_world_device": [[-0.14442105239501157, 0.08938230135938649, 0.9854711379988849, -0.8752800000000001], [0.14069294830400733, 0.9876486447046667, -0.0689612130879447, -0.68716], [-0.9794631457704998, 0.12868938890497075, -0.1552127161692043, -0.017683]], "gaze_centre_in_pixels": [834, 687], "gaze_direction_in_world": [0.6719287957454549, -0.5693781982434355, -0.473624493468319]}
{"frame_index": 100, "tracking_timestamp_ns": 127826551012, "slam_timestamp_ns": 127826645000, "gaze_timestamp_ns": 127726672000, "T_world_device": [[-0.14289571191929773, 0.03771606201554081, 0.9890188644212591, -0.8826390000000001], [0.12379469726382625, 0.9921073340344787, -0.019947698723333684, -0.683966], [-0.9819652175328996, 0.11958485029902055, -0.14643693227641097, -0.016094]], "gaze_centre_in_pixels": [834, 687], "gaze_direction_in_world": [0.70421583976575, -0.5387523372241707, -0.46241320283758447]}
{"frame_index": 101, "tracking_timestamp_ns": 127859878350, "slam_timestamp_ns": 127859915000, "gaze_timestamp_ns": 127926640000, "T_world_device": [[-0.14232947790613348, -0.0073347607123557465, 0.9897921605085891, -0.891259], [0.11123675916458553, 0.9935193961240405, 0.023357930898988105, -0.681343], [-0.9835490344306825, 0.1134257942913092, -0.14059120192906138, -0.01505]], "gaze_centre_in_pixels": [765, 729], "gaze_direction_in_world": [0.7223110403185755, -0.5927202676600258, -0.35629965666405616]}
{"frame_index": 102, "tracking_timestamp_ns": 127893205637, "slam_timestamp_ns": 127893863000, "gaze_timestamp_ns": 127926640000, "T_world_device": [[-0.14162902669871325, -0.046049159333891324, 0.9888481651502504, -0.899857], [0.10097884839118311, 0.993034711975682, 0.06070694349878478, -0.6794410000000002], [-0.9847560565815098, 0.10845061427219341, -0.13599254865623434, -0.0146]], "gaze_centre_in_pixels": [765, 729], "gaze_direction_in_world": [0.7462969910405762, -0.5662205079038289, -0.3499073271495069]}
