{
    "device_version": "DeviceVersion.Gen1",
    "device_subtype": "DVT-S",
    "origin_device": "camera-slam-left",
    "origin_transforms": {
        "T_device_cpf": [
            [
                -0.03186013725398906,
                -0.9986295320622571,
                -0.04152095070292611,
                0.0049529584653817404
            ],
            [
                0.7933534010715846,
                1.7481547320841173e-09,
                -0.6087613497982192,
                -0.04914836817050788
            ],
            [
                0.6079270619591686,
                -0.05233600761538676,
                0.7922661356164198,
                -0.04918546136427321
            ]
        ],
        "T_cpf_device": [
            [
                -0.03186013725398906,
                0.7933534010715846,
                0.6079270619591688,
                0.06905100000000003
            ],
            [
                -0.9986295320622571,
                1.7481547320841173e-09,
                -0.05233600761538665,
                0.002372000000000013
            ],
            [
                -0.041520950702925996,
                -0.6087613497982194,
                0.7922661356164198,
                0.009254000000000005
            ]
        ]
    },
    "cameras": {
        "camera-et-left": {
            "label": "camera-et-left",
            "model_name": "CameraModelType.KANNALA_BRANDT_K3",
            "projection_params": [
                555.7019731971898,
                555.8320594598881,
                319.5000468902417,
                239.4996880890131,
                0.01822773927535628,
                0.1606602068701204,
                -0.6272368847066834,
                0.6692732828691961
            ],
            "max_solid_angle": 0.75,
            "valid_radius": null,
            "image_size": [
                640,
                480
            ],
            "time_offset_sec_device_camera": 0.0,
            "readout_time_sec": null,
            "T_device_camera": [
                [
                    -0.603240464504559,
                    0.5420560722982587,
                    -0.585043721843854,
                    0.02143981797205123
                ],
                [
                    0.7807252681906512,
                    0.5512515028544908,
                    -0.2942615099011439,
                    -0.009851273213710793
                ],
                [
                    0.16299999261643988,
                    -0.6342688665583787,
                    -0.7557340850602083,
                    -0.010288048910951642
                ]
            ]
        },
        "camera-et-right": {
            "label": "camera-et-right",
            "model_name": "CameraModelType.KANNALA_BRANDT_K3",
            "projection_params": [
                556.9995398180034,
                556.5611111623969,
                319.4999251841685,
                239.5003849861259,
                0.0287839037590564,
                0.05167010906551083,
                -0.2165446862046628,
                0.1573521961379471
            ],
            "max_solid_angle": 0.75,
            "valid_radius": null,
            "image_size": [
                640,
                480
            ],
            "time_offset_sec_device_camera": 0.0,
            "readout_time_sec": null,
            "T_device_camera": [
                [
                    0.5562338601375981,
                    0.5442530240794508,
                    -0.6280067982249873,
                    0.024899701437285413
                ],
                [
                    0.38979227070306727,
                    0.4965449222235302,
                    0.7755676153077661,
                    -0.09600627915648058
                ],
                [
                    0.7339386067898144,
                    -0.6761891643574313,
                    0.06404947672717731,
                    -0.07630649613146953
                ]
            ]
        },
        "camera-rgb": {
            "label": "camera-rgb",
            "model_name": "CameraModelType.FISHEYE624",
            "projection_params": [
                607.2074448161785,
                702.649460649969,
                713.2063760875315,
                0.4022594756603886,
                -0.4176649534924111,
                -0.02077684239872982,
                1.35269771088417,
                -1.805177894674828,
                0.6660040583241816,
                0.0001278377567597565,
                0.0003016005293478625,
                0.00012928311752316,
                4.175974163034139e-05,
                -0.0006439856546542598,
                -0.0001430648672010436
            ],
            "max_solid_angle": 1.0,
            "valid_radius": 707.5,
            "image_size": [
                1408,
                1408
            ],
            "time_offset_sec_device_camera": 0.0,
            "readout_time_sec": null,
            "T_device_camera": [
                [
                    0.03186013725398884,
                    0.9955057081813566,
                    0.08918136931272475,
                    -0.00447736452656277
                ],
                [
                    -0.7933534010715843,
                    0.07945917328328567,
                    -0.6035533288693606,
                    -0.012563250167500997
                ],
                [
                    -0.6079270619591686,
                    -0.05152305075859148,
                    0.7923194195387494,
                    -0.0053074659796426005
                ]
            ]
        },
        "camera-slam-left": {
            "label": "camera-slam-left",
            "model_name": "CameraModelType.FISHEYE624",
            "projection_params": [
                241.3545150853537,
                319.8977436461349,
                238.9859137083243,
                -0.02771191597614574,
                0.1053538821722674,
                -0.07556032241040618,
                0.01487095317860563,
                0.0003946323655760404,
                -0.0002904515715445345,
                0.0006773179027311526,
                -0.0008598048712342842,
                -0.001119152492189378,
                -0.0001599397670205135,
                0.000785519927567185,
                -0.0001048859419739835
            ],
            "max_solid_angle": 1.4,
            "valid_radius": 330.0,
            "image_size": [
                640,
                480
            ],
            "time_offset_sec_device_camera": 0.0,
            "readout_time_sec": null,
            "T_device_camera": [
                [
                    1.0,
                    -1.3877787807814454e-17,
                    -5.551115123125783e-17,
                    0.0
                ],
                [
                    1.387778780781446e-17,
                    1.0,
                    1.1102230246251565e-16,
                    0.0
                ],
                [
                    5.551115123125783e-17,
                    -1.1102230246251565e-16,
                    1.0,
                    0.0
                ]
            ]
        },
        "camera-slam-right": {
            "label": "camera-slam-right",
            "model_name": "CameraModelType.FISHEYE624",
            "projection_params": [
                241.7935598162879,
                319.3988433987139,
                240.4471580184921,
                -0.02409706254935209,
                0.09633496906007072,
                -0.06436715317792749,
                0.007625206601083911,
                0.00269668744344669,
                -0.0005695499485410792,
                0.00081500022402455,
                -8.643012704188023e-05,
                -0.001370388870494114,
                0.0001883747791113505,
                0.0003336252510842942,
                -1.792340985395576e-05
            ],
            "max_solid_angle": 1.4,
            "valid_radius": 330.0,
            "image_size": [
                640,
                480
            ],
            "time_offset_sec_device_camera": 0.0,
            "readout_time_sec": null,
            "T_device_camera": [
                [
                    0.9979698633083139,
                    -0.050552696498119165,
                    0.03873727926886672,
                    0.0043999486750503775
                ],
                [
                    0.050552696498119234,
                    0.25881923798370043,
                    -0.9646020044175243,
                    -0.10956369139478797
                ],
                [
                    0.03873727926886664,
                    0.9646020044175243,
                    0.2608493746753865,
                    -0.0839559431106851
                ]
            ]
        }
    },
    "imus": {
        "imu-left": {
            "label": "imu-left",
            "time_offset_sec_device_accel": 0.0008527662701529185,
            "time_offset_sec_device_gyro": 0.00177918507620373,
            "T_device_imu": [
                [
                    0.00028525363535647497,
                    0.996457910814717,
                    -0.08409251218231771,
                    0.0013313815664312625
                ],
                [
                    0.9999851772918616,
                    -0.000741472178192204,
                    -0.005394016645618095,
                    -0.0005099215762096251
                ],
                [
                    -0.0054372628157698805,
                    -0.08408972704069567,
                    -0.9964433521175673,
                    -0.007443383042050361
                ]
            ],
            "accel_model": {
                "bias": [
                    0.08141336027859747,
                    -0.02262394587358316,
                    0.04241961095264312
                ],
                "rectification": [
                    [
                        0.992932117090866,
                        -0.0004845125025963766,
                        -0.0008319290803199597
                    ],
                    [
                        0.0,
                        0.9937377147820451,
                        -0.009168956720909746
                    ],
                    [
                        0.0,
                        0.0,
                        0.9996175926638586
                    ]
                ]
            },
            "gyro_model": {
                "bias": [
                    -0.0003777600358913535,
                    -0.001384105214361466,
                    0.005373536139690325
                ],
                "rectification": [
                    [
                        0.9998253471323336,
                        -0.0009241539412471842,
                        0.0003205578485667676
                    ],
                    [
                        -7.001927319891553e-05,
                        1.004185972640876,
                        -0.009656304919247443
                    ],
                    [
                        0.005589030467318037,
                        0.01129035840477587,
                        0.9884650424721968
                    ]
                ]
            }
        },
        "imu-right": {
            "label": "imu-right",
            "time_offset_sec_device_accel": 0.00260382441065649,
            "time_offset_sec_device_gyro": 0.004097828653045515,
            "T_device_imu": [
                [
                    0.9798290051679345,
                    0.05055263167257848,
                    -0.19333792194650407,
                    0.0050294373130681524
                ],
                [
                    0.19982489102902104,
                    -0.2588189470136817,
                    0.9450305633110333,
                    -0.10247090332606294
                ],
                [
                    -0.0022657353896155252,
                    -0.96460208588708,
                    -0.2636999854862312,
                    -0.08681489125060624
                ]
            ],
            "accel_model": {
                "bias": [
                    -0.1273056659809363,
                    -0.05557125727055003,
                    -0.07752771211077408
                ],
                "rectification": [
                    [
                        0.9997036793300541,
                        0.001343949381396161,
                        0.0007568066083859326
                    ],
                    [
                        0.0,
                        0.9982074741668246,
                        -0.002776752441978568
                    ],
                    [
                        0.0,
                        0.0,
                        0.9998727635649308
                    ]
                ]
            },
            "gyro_model": {
                "bias": [
                    0.0007995025090377788,
                    -0.003896075138265923,
                    0.0009636836418825566
                ],
                "rectification": [
                    [
                        1.002996985526323,
                        0.003631986011995672,
                        -0.0009650538494384234
                    ],
                    [
                        -0.003837076185133812,
                        0.9968047282467419,
                        -0.001996454336814378
                    ],
                    [
                        0.0003897863435135916,
                        0.001190009302056929,
                        1.000791011111952
                    ]
                ]
            }
        }
    },
    "magnetometers": {
        "mag0": {
            "label": "mag0",
            "model": {
                "bias": [
                    2.9776799999999998e-06,
                    -3.12264e-06,
                    -6.063349999999999e-06
                ],
                "rectification": [
                    [
                        0.9974426825942841,
                        -0.019488062023750773,
                        0.07828476854105079
                    ],
                    [
                        0.03685831772514905,
                        1.0034153080171477,
                        0.05780572330818989
                    ],
                    [
                        -0.08007249953111074,
                        -0.05027779439903367,
                        0.9809990044711575
                    ]
                ]
            }
        }
    },
    "barometers": {
        "baro0": {
            "label": "baro0",
            "offset_pa": -86.0406,
            "slope": 1.0
        }
    },
    "microphones": {
        "mic0": {
            "label": "mic0",
            "d_sensitivity_1k_dbv": -31.91
        },
        "mic1": {
            "label": "mic1",
            "d_sensitivity_1k_dbv": -32.22
        },
        "mic2": {
            "label": "mic2",
            "d_sensitivity_1k_dbv": -31.93
        },
        "mic3": {
            "label": "mic3",
            "d_sensitivity_1k_dbv": -32.27
        },
        "mic4": {
            "label": "mic4",
            "d_sensitivity_1k_dbv": -33.16
        },
        "mic5": {
            "label": "mic5",
            "d_sensitivity_1k_dbv": -32.45
        },
        "mic6": {
            "label": "mic6",
            "d_sensitivity_1k_dbv": -32.6
        }
    }
}