{"frame_index": 0, "tracking_timestamp_ns": 759387100087, "slam_timestamp_ns": null, "gaze_timestamp_ns": null, "T_world_device": null, "gaze_centre_in_pixels": null, "gaze_direction_in_world": null}
{"frame_index": 1, "tracking_timestamp_ns": 759420430800, "slam_timestamp_ns": null, "gaze_timestamp_ns": null, "T_world_device": null, "gaze_centre_in_pixels": null, "gaze_direction_in_world": null}
{"frame_index": 2, "tracking_timestamp_ns": 759453751837, "slam_timestamp_ns": null, "gaze_timestamp_ns": null, "T_world_device": null, "gaze_centre_in_pixels": null, "gaze_direction_in_world": null}
{"frame_index": 3, "tracking_timestamp_ns": 759487085462, "slam_timestamp_ns": null, "gaze_timestamp_ns": null, "T_world_device": null, "gaze_centre_in_pixels": null, "gaze_direction_in_world": null}
{"frame_index": 4, "tracking_timestamp_ns": 759520409712, "slam_timestamp_ns": null, "gaze_timestamp_ns": null, "T_world_device": null, "gaze_centre_in_pixels": null, "gaze_direction_in_world": null}
{"frame_index": 5, "tracking_timestamp_ns": 759553735637, "slam_timestamp_ns": null, "gaze_timestamp_ns": null, "T_world_device": null, "gaze_centre_in_pixels": null, "gaze_direction_in_world": null}
{"frame_index": 6, "tracking_timestamp_ns": 759587064137, "slam_timestamp_ns": null, "gaze_timestamp_ns": null, "T_world_device": null, "gaze_centre_in_pixels": null, "gaze_direction_in_world": null}
{"frame_index": 7, "tracking_timestamp_ns": 759620392300, "slam_timestamp_ns": null, "gaze_timestamp_ns": null, "T_world_device": null, "gaze_centre_in_pixels": null, "gaze_direction_in_world": null}
{"frame_index": 8, "tracking_timestamp_ns": 759653726087, "slam_timestamp_ns": null, "gaze_timestamp_ns": null, "T_world_device": null, "gaze_centre_in_pixels": null, "gaze_direction_in_world": null}
{"frame_index": 9, "tracking_timestamp_ns": 759687053425, "slam_timestamp_ns": null, "gaze_timestamp_ns": null, "T_world_device": null, "gaze_centre_in_pixels": null, "gaze_direction_in_world": null}
{"frame_index": 10, "tracking_timestamp_ns": 759720217337, "slam_timestamp_ns": null, "gaze_timestamp_ns": null, "T_world_device": null, "gaze_centre_in_pixels": null, "gaze_direction_in_world": null}
{"frame_index": 11, "tracking_timestamp_ns": 759753704762, "slam_timestamp_ns": null, "gaze_timestamp_ns": null, "T_world_device": null, "gaze_centre_in_pixels": null, "gaze_direction_in_world": null}
{"frame_index": 12, "tracking_timestamp_ns": 759787035837, "slam_timestamp_ns": null, "gaze_timestamp_ns": null, "T_world_device": null, "gaze_centre_in_pixels": null, "gaze_direction_in_world": null}
{"frame_index": 13, "tracking_timestamp_ns": 759820363137, "slam_timestamp_ns": null, "gaze_timestamp_ns": null, "T_world_device": null, "gaze_centre_in_pixels": null, "gaze_direction_in_world": null}
{"frame_index": 14, "tracking_timestamp_ns": 759853690462, "slam_timestamp_ns": null, "gaze_timestamp_ns": null, "T_world_device": null, "gaze_centre_in_pixels": null, "gaze_direction_in_world": null}
{"frame_index": 15, "tracking_timestamp_ns": 759887017800, "slam_timestamp_ns": null, "gaze_timestamp_ns": null, "T_world_device": null, "gaze_centre_in_pixels": null, "gaze_direction_in_world": null}
{"frame_index": 16, "tracking_timestamp_ns": 759920345137, "slam_timestamp_ns": null, "gaze_timestamp_ns": null, "T_world_device": null, "gaze_centre_in_pixels": null, "gaze_direction_in_world": null}
{"frame_index": 17, "tracking_timestamp_ns": 759953672462, "slam_timestamp_ns": null, "gaze_timestamp_ns": null, "T_world_device": null, "gaze_centre_in_pixels": null, "gaze_direction_in_world": null}
{"frame_index": 18, "tracking_timestamp_ns": 759987003512, "slam_timestamp_ns": null, "gaze_timestamp_ns": null, "T_world_device": null, "gaze_centre_in_pixels": null, "gaze_direction_in_world": null}
{"frame_index": 19, "tracking_timestamp_ns": 760020330837, "slam_timestamp_ns": null, "gaze_timestamp_ns": null, "T_world_device": null, "gaze_centre_in_pixels": null, "gaze_direction_in_world": null}
{"frame_index": 20, "tracking_timestamp_ns": 760053658175, "slam_timestamp_ns": null, "gaze_timestamp_ns": null, "T_world_device": null, "gaze_centre_in_pixels": null, "gaze_direction_in_world": null}
{"frame_index": 21, "tracking_timestamp_ns": 760086985512, "slam_timestamp_ns": null, "gaze_timestamp_ns": null, "T_world_device": null, "gaze_centre_in_pixels": null, "gaze_direction_in_world": null}
{"frame_index": 22, "tracking_timestamp_ns": 760120312837, "slam_timestamp_ns": null, "gaze_timestamp_ns": null, "T_world_device": null, "gaze_centre_in_pixels": null, "gaze_direction_in_world": null}
{"frame_index": 23, "tracking_timestamp_ns": 760153643887, "slam_timestamp_ns": null, "gaze_timestamp_ns": null, "T_world_device": null, "gaze_centre_in_pixels": null, "gaze_direction_in_world": null}
{"frame_index": 24, "tracking_timestamp_ns": 760186971212, "slam_timestamp_ns": null, "gaze_timestamp_ns": null, "T_world_device": null, "gaze_centre_in_pixels": null, "gaze_direction_in_world": null}
{"frame_index": 25, "tracking_timestamp_ns": 760220298512, "slam_timestamp_ns": null, "gaze_timestamp_ns": null, "T_world_device": null, "gaze_centre_in_pixels": null, "gaze_direction_in_world": null}
{"frame_index": 26, "tracking_timestamp_ns": 760253625837, "slam_timestamp_ns": null, "gaze_timestamp_ns": null, "T_world_device": null, "gaze_centre_in_pixels": null, "gaze_direction_in_world": null}
{"frame_index": 27, "tracking_timestamp_ns": 760286953175, "slam_timestamp_ns": null, "gaze_timestamp_ns": null, "T_world_device": null, "gaze_centre_in_pixels": null, "gaze_direction_in_world": null}
{"frame_index": 28, "tracking_timestamp_ns": 760320280512, "slam_timestamp_ns": null, "gaze_timestamp_ns": null, "T_world_device": null, "gaze_centre_in_pixels": null, "gaze_direction_in_world": null}
{"frame_index": 29, "tracking_timestamp_ns": 760353611550, "slam_timestamp_ns": null, "gaze_timestamp_ns": null, "T_world_device": null, "gaze_centre_in_pixels": null, "gaze_direction_in_world": null}
{"frame_index": 30, "tracking_timestamp_ns": 760386938887, "slam_timestamp_ns": null, "gaze_timestamp_ns": null, "T_world_device": null, "gaze_centre_in_pixels": null, "gaze_direction_in_world": null}
{"frame_index": 31, "tracking_timestamp_ns": 760420266212, "slam_timestamp_ns": null, "gaze_timestamp_ns": null, "T_world_device": null, "gaze_centre_in_pixels": null, "gaze_direction_in_world": null}
{"frame_index": 32, "tracking_timestamp_ns": 760453593550, "slam_timestamp_ns": null, "gaze_timestamp_ns": null, "T_world_device": null, "gaze_centre_in_pixels": null, "gaze_direction_in_world": null}
{"frame_index": 33, "tracking_timestamp_ns": 760486920887, "slam_timestamp_ns": null, "gaze_timestamp_ns": null, "T_world_device": null, "gaze_centre_in_pixels": null, "gaze_direction_in_world": null}
{"frame_index": 34, "tracking_timestamp_ns": 760520251925, "slam_timestamp_ns": null, "gaze_timestamp_ns": null, "T_world_device": null, "gaze_centre_in_pixels": null, "gaze_direction_in_world": null}
{"frame_index": 35, "tracking_timestamp_ns": 760553579262, "slam_timestamp_ns": null, "gaze_timestamp_ns": null, "T_world_device": null, "gaze_centre_in_pixels": null, "gaze_direction_in_world": null}
{"frame_index": 36, "tracking_timestamp_ns": 760586906587, "slam_timestamp_ns": null, "gaze_timestamp_ns": null, "T_world_device": null, "gaze_centre_in_pixels": null, "gaze_direction_in_world": null}
{"frame_index": 37, "tracking_timestamp_ns": 760620233887, "slam_timestamp_ns": null, "gaze_timestamp_ns": null, "T_world_device": null, "gaze_centre_in_pixels": null, "gaze_direction_in_world": null}
{"frame_index": 38, "tracking_timestamp_ns": 760653561212, "slam_timestamp_ns": null, "gaze_timestamp_ns": null, "T_world_device": null, "gaze_centre_in_pixels": null, "gaze_direction_in_world": null}
{"frame_index": 39, "tracking_timestamp_ns": 760686894425, "slam_timestamp_ns": null, "gaze_timestamp_ns": null, "T_world_device": null, "gaze_centre_in_pixels": null, "gaze_direction_in_world": null}
{"frame_index": 40, "tracking_timestamp_ns": 760720220550, "slam_timestamp_ns": null, "gaze_timestamp_ns": null, "T_world_device": null, "gaze_centre_in_pixels": null, "gaze_direction_in_world": null}
{"frame_index": 41, "tracking_timestamp_ns": 760753547887, "slam_timestamp_ns": null, "gaze_timestamp_ns": null, "T_world_device": null, "gaze_centre_in_pixels": null, "gaze_direction_in_world": null}
{"frame_index": 42, "tracking_timestamp_ns": 760786872050, "slam_timestamp_ns": null, "gaze_timestamp_ns": null, "T_world_device": null, "gaze_centre_in_pixels": null, "gaze_direction_in_world": null}
{"frame_index": 43, "tracking_timestamp_ns": 760820201925, "slam_timestamp_ns": null, "gaze_timestamp_ns": null, "T_world_device": null, "gaze_centre_in_pixels": null, "gaze_direction_in_world": null}
{"frame_index": 44, "tracking_timestamp_ns": 760853532212, "slam_timestamp_ns": 760854204000, "gaze_timestamp_ns": 760920291000, "T_world_device": [[0.177073553231183, 0.9751156035289487, -0.133396088774962, -0.15917800000000001], [0.050042009270334975, -0.14428290577747238, -0.9882703275969569, -0.24152400000000002], [-0.9829245922522597, 0.16832113014943534, -0.07434543086798096, -0.027613]], "gaze_centre_in_pixels": [838, 658], "gaze_direction_in_world": [-0.5659948855659499, -0.7008112535945712, -0.43418127130081585]}
{"frame_index": 45, "tracking_timestamp_ns": 760886904212, "slam_timestamp_ns": 760886159000, "gaze_timestamp_ns": 760920291000, "T_world_device": [[0.17547909354208024, 0.9766411330861227, -0.12401284164917836, -0.182558], [0.050327106158953416, -0.13470185005564694, -0.9896072928072283, -0.24338], [-0.9831959469583442, 0.16741418325769264, -0.07278888053023191, -0.031939]], "gaze_centre_in_pixels": [838, 658], "gaze_direction_in_world": [-0.5597487334753051, -0.7068175214504129, -0.4325394164044321]}
{"frame_index": 46, "tracking_timestamp_ns": 760920226587, "slam_timestamp_ns": 760920111000, "gaze_timestamp_ns": 760920291000, "T_world_device": [[0.1691989965360563, 0.9792044814079386, -0.11193874736569998, -0.20947200000000002], [0.0490634685251346, -0.12180391260162726, -0.9913408005984716, -0.24524700000000005], [-0.9843599319494242, 0.16224176547839214, -0.06865226803959001, -0.03548899999999999]], "gaze_centre_in_pixels": [838, 658], "gaze_direction_in_world": [-0.5532583374861929, -0.7153302266490648, -0.426858148386805]}
{"frame_index": 47, "tracking_timestamp_ns": 760953521212, "slam_timestamp_ns": 760953119000, "gaze_timestamp_ns": 760920291000, "T_world_device": [[0.16177174643858194, 0.9820139325945945, -0.09735778471345163, -0.237829], [0.04812178461808547, -0.10639007600338646, -0.9931593253718985, -0.24748300000000004], [-0.9856541969166377, 0.1559800882103014, -0.06446717135507773, -0.037744999999999994]], "gaze_centre_in_pixels": [838, 658], "gaze_direction_in_world": [-0.5452248084025199, -0.7251351579822584, -0.42060541004661445]}
{"frame_index": 48, "tracking_timestamp_ns": 760986841425, "slam_timestamp_ns": 760987025000, "gaze_timestamp_ns": 760920291000, "T_world_device": [[0.15351623671461645, 0.9850366996629423, -0.07832921155048717, -0.269194], [0.05201965391981794, -0.08721516695475273, -0.9948303726058616, -0.250202], [-0.9867759222189425, 0.1486479564951832, -0.0646302124301168, -0.037858]], "gaze_centre_in_pixels": [838, 658], "gaze_direction_in_world": [-0.5339847050790821, -0.7353817852888838, -0.4172217211590735]}
{"frame_index": 49, "tracking_timestamp_ns": 761020169087, "slam_timestamp_ns": 761020264000, "gaze_timestamp_ns": 760920291000, "T_world_device": [[0.14913008026587105, 0.9871575413378415, -0.05727309787083662, -0.30178000000000005], [0.060733083701377755, -0.06695561691216922, -0.9959058378722518, -0.253609], [-0.9869507139183882, 0.1450411456923117, -0.06993821810888012, -0.035631]], "gaze_centre_in_pixels": [838, 658], "gaze_direction_in_world": [-0.5195214985193563, -0.744316330134613, -0.41963152082647964]}
{"frame_index": 50, "tracking_timestamp_ns": 761053494512, "slam_timestamp_ns": 761054054000, "gaze_timestamp_ns": 761120259000, "T_world_device": [[0.14951749065032693, 0.9881656057709545, -0.034252818292101195, -0.33551500000000006], [0.07362668821412877, -0.045672999599258635, -0.9962394731640707, -0.258012], [-0.9860140114482394, 0.1464333045414476, -0.07958427325057826, -0.031245999999999996]], "gaze_centre_in_pixels": [822, 670], "gaze_direction_in_world": [-0.5245873443871698, -0.7478111289748562, -0.4069233754531283]}
{"frame_index": 51, "tracking_timestamp_ns": 761087000675, "slam_timestamp_ns": 761086009000, "gaze_timestamp_ns": 761120259000, "T_world_device": [[0.15327544981742403, 0.9881231233946348, -0.010923804103772639, -0.36700200000000005], [0.08744366803040576, -0.024573472364335602, -0.9958663310793008, -0.263171], [-0.9843069853478916, 0.15168664235452817, -0.09017162040550786, -0.026671000000000004]], "gaze_centre_in_pixels": [822, 670], "gaze_direction_in_world": [-0.5050033081589663, -0.7552891809024884, -0.41774383533470405]}
{"frame_index": 52, "tracking_timestamp_ns": 761120155887, "slam_timestamp_ns": 761119961000, "gaze_timestamp_ns": 761120259000, "T_world_device": [[0.15854726081798454, 0.987247536565701, 0.014320182682807658, -0.399261], [0.09969143181209966, -0.001577087817594247, -0.9950171512176407, -0.27001200000000003], [-0.9823056471945825, 0.15918484330793126, -0.09867016342675194, -0.022577]], "gaze_centre_in_pixels": [822, 670], "gaze_direction_in_world": [-0.4830378262082072, -0.7638402872296646, -0.42804494396844983]}
{"frame_index": 53, "tracking_timestamp_ns": 761153487137, "slam_timestamp_ns": 761152836000, "gaze_timestamp_ns": 761220243000, "T_world_device": [[0.16383193902149062, 0.9856854566607632, 0.03979040442017845, -0.429539], [0.10859930615327806, 0.022069195010738785, -0.9938406015728098, -0.27692900000000004], [-0.9804923694040077, 0.16714404314554776, -0.10342911766748308, -0.020386]], "gaze_centre_in_pixels": [834, 524], "gaze_direction_in_world": [-0.2568396998480051, -0.8732038007969726, -0.4141841267548861]}
{"frame_index": 54, "tracking_timestamp_ns": 761186815550, "slam_timestamp_ns": 761186742000, "gaze_timestamp_ns": 761220243000, "T_world_device": [[0.16995090961437742, 0.983150795977821, 0.06731419381841253, -0.45941600000000005], [0.11646954170528012, 0.04778974613763931, -0.9920438427907621, -0.28581500000000004], [-0.9785456219186757, 0.17643880676392337, -0.10638521180838634, -0.019263000000000002]], "gaze_centre_in_pixels": [834, 524], "gaze_direction_in_world": [-0.2295428557182389, -0.8782550267073581, -0.4194975392680791]}
{"frame_index": 55, "tracking_timestamp_ns": 761219924637, "slam_timestamp_ns": 761220232000, "gaze_timestamp_ns": 761220243000, "T_world_device": [[0.1774447766990639, 0.9795412858079593, 0.09493271627794725, -0.487736], [0.12475926663892967, 0.07329529990091621, -0.989476085815191, -0.296262], [-0.9761907992856396, 0.18742109915941868, -0.10920098433594627, -0.019100000000000002]], "gaze_centre_in_pixels": [834, 524], "gaze_direction_in_world": [-0.20142335668075642, -0.8824256300577924, -0.42515131282940294]}
{"frame_index": 56, "tracking_timestamp_ns": 761253472337, "slam_timestamp_ns": 761253657000, "gaze_timestamp_ns": 761220243000, "T_world_device": [[0.18474280007194777, 0.9749974805383531, 0.12349093394026878, -0.514653], [0.13434146185457052, 0.09942119481954781, -0.985934986521642, -0.30894800000000006], [-0.9735617440349396, 0.198734342690228, -0.11261523692258368, -0.019914000000000005]], "gaze_centre_in_pixels": [834, 524], "gaze_direction_in_world": [-0.17219122129187805, -0.8855838116452676, -0.4313832354900346]}
{"frame_index": 57, "tracking_timestamp_ns": 761286796800, "slam_timestamp_ns": 761287655000, "gaze_timestamp_ns": 761220243000, "T_world_device": [[0.19032382848020024, 0.9696991191208182, 0.1531680733343232, -0.540666], [0.1442749317014223, 0.12669819162000917, -0.9813930468078371, -0.32315000000000005], [-0.9710620909062351, 0.2088807952314638, -0.11578958929144711, -0.02241]], "gaze_centre_in_pixels": [834, 524], "gaze_direction_in_world": [-0.14215596469119682, -0.8881395185586035, -0.4370353272645212]}
{"frame_index": 58, "tracking_timestamp_ns": 761320118800, "slam_timestamp_ns": 761319564000, "gaze_timestamp_ns": 761220243000, "T_world_device": [[0.19348395120306783, 0.964235407306014, 0.1811464598722668, -0.5639210000000001], [0.15314317772680303, 0.1526900466951857, -0.9763364772228678, -0.3376640000000001], [-0.9690774621992746, 0.21664678381556451, -0.11812300080757598, -0.026224]], "gaze_centre_in_pixels": [834, 524], "gaze_direction_in_world": [-0.11424554579347058, -0.8900794997499952, -0.4412555261876621]}
{"frame_index": 59, "tracking_timestamp_ns": 761353455587, "slam_timestamp_ns": 761353560000, "gaze_timestamp_ns": 761420211000, "T_world_device": [[0.19257593193637879, 0.9585413975011614, 0.21003071136230467, -0.5874339999999999], [0.1612665213284467, 0.18021183644960725, -0.9703178876543922, -0.353953], [-0.9679398842580343, 0.22073079368312098, -0.11987617437407083, -0.031831000000000005]], "gaze_centre_in_pixels": [809, 571], "gaze_direction_in_world": [-0.165099408080315, -0.8890385725526372, -0.42702763606715066]}
{"frame_index": 60, "tracking_timestamp_ns": 761386776012, "slam_timestamp_ns": 761387558000, "gaze_timestamp_ns": 761420211000, "T_world_device": [[0.18876140388227047, 0.9531107620899973, 0.23653542566097524, -0.6100700000000001], [0.16752628622685417, 0.20608143480882612, -0.9640878516246192, -0.37162700000000004], [-0.9676280668869792, 0.22160847776057652, -0.1207708853871976, -0.038919]], "gaze_centre_in_pixels": [809, 571], "gaze_direction_in_world": [-0.14046453707506956, -0.8927475616274416, -0.4281022133002159]}
{"frame_index": 61, "tracking_timestamp_ns": 761420103337, "slam_timestamp_ns": 761419467000, "gaze_timestamp_ns": 761420211000, "T_world_device": [[0.1842346373226571, 0.948173626911723, 0.25889065575964276, -0.630484], [0.17356987624458775, 0.22787426284256673, -0.9580954119472629, -0.3896760000000001], [-0.9674353190115749, 0.22144997982168696, -0.1225920469114814, -0.046581]], "gaze_centre_in_pixels": [809, 571], "gaze_direction_in_world": [-0.11985106113046272, -0.8950343260927742, -0.42959199045321556]}
{"frame_index": 62, "tracking_timestamp_ns": 761453434387, "slam_timestamp_ns": 761452556000, "gaze_timestamp_ns": 761420211000, "T_world_device": [[0.17813523933250208, 0.9428543220945111, 0.28159112879430614, -0.6503110000000001], [0.1802368497724171, 0.2500628286635578, -0.9513060809775657, -0.409955], [-0.9673585242773576, 0.22021423439114796, -0.1253920909764772, -0.053903000000000006]], "gaze_centre_in_pixels": [809, 571], "gaze_direction_in_world": [-0.099150882526414, -0.8966353523682176, -0.431525372808779]}
{"frame_index": 63, "tracking_timestamp_ns": 761486770550, "slam_timestamp_ns": 761486462000, "gaze_timestamp_ns": 761420211000, "T_world_device": [[0.1690015821937575, 0.9373094977865736, 0.3047775755778102, -0.6696830000000001], [0.18321664370449542, 0.2739598186371657, -0.9441279993951834, -0.4330280000000001], [-0.9684369502893138, 0.21539945016497258, -0.12543105748960626, -0.059874000000000004]], "gaze_centre_in_pixels": [809, 571], "gaze_direction_in_world": [-0.07865304660396472, -0.8994778957799965, -0.42982928385942276]}
{"frame_index": 64, "tracking_timestamp_ns": 761520092550, "slam_timestamp_ns": 761520184000, "gaze_timestamp_ns": 761420211000, "T_world_device": [[0.15713425724765484, 0.9318693123792379, 0.3269990976211929, -0.688434], [0.18169714667104048, 0.29818094939121975, -0.9370561713748826, -0.45881000000000005], [-0.9707187914585924, 0.2066584284900992, -0.12246355312162205, -0.063486]], "gaze_centre_in_pixels": [809, 571], "gaze_direction_in_world": [-0.05969780540161547, -0.9036192350483013, -0.424156162375314]}
{"frame_index": 65, "tracking_timestamp_ns": 761553415712, "slam_timestamp_ns": 761553419000, "gaze_timestamp_ns": 761620179000, "T_world_device": [[0.14282888553415063, 0.9263227374917706, 0.34860593147969315, -0.7056050000000001], [0.17753149175976918, 0.3225271104537798, -0.9297627828945867, -0.489146], [-0.9736952700360741, 0.19468551314385812, -0.11838526969724383, -0.06401699999999999]], "gaze_centre_in_pixels": [877, 542], "gaze_direction_in_world": [0.02218106549807021, -0.8670310511903444, -0.4977601396306625]}
{"frame_index": 66, "tracking_timestamp_ns": 761586743175, "slam_timestamp_ns": 761587417000, "gaze_timestamp_ns": 761620179000, "T_world_device": [[0.13141998843554326, 0.9187317788906456, 0.3723717297218353, -0.723588], [0.1728853325637204, 0.3486322363988512, -0.921176544169394, -0.5226580000000001], [-0.9761349540017167, 0.18543862111212284, -0.11301800465457323, -0.05968300000000001]], "gaze_centre_in_pixels": [877, 542], "gaze_direction_in_world": [0.041816539877871324, -0.8703818855339425, -0.49059835948260305]}
{"frame_index": 67, "tracking_timestamp_ns": 761620074337, "slam_timestamp_ns": 761620168000, "gaze_timestamp_ns": 761620179000, "T_world_device": [[0.1327802211754775, 0.9083815148118792, 0.3965002350726501, -0.7400000000000001], [0.18157273549360758, 0.37097888107256627, -0.9107173060415154, -0.554261], [-0.9743719795796468, 0.19291887763052695, -0.11567865863597349, -0.055147]], "gaze_centre_in_pixels": [877, 542], "gaze_direction_in_world": [0.06701463114712612, -0.8663077535082548, -0.49499486403769416]}
{"frame_index": 68, "tracking_timestamp_ns": 761653409462, "slam_timestamp_ns": 761653366000, "gaze_timestamp_ns": 761720163000, "T_world_device": [[0.13039461058980473, 0.8962417423764903, 0.4239669618626979, -0.756082], [0.20481843497085794, 0.39404370443219405, -0.8959793344120401, -0.58188], [-0.970075592016015, 0.20366712601523768, -0.1321856556343075, -0.052604000000000005]], "gaze_centre_in_pixels": [852, 575], "gaze_direction_in_world": [0.03991644600999034, -0.870376314315133, -0.4907664911311046]}
{"frame_index": 69, "tracking_timestamp_ns": 761686737962, "slam_timestamp_ns": 761687364000, "gaze_timestamp_ns": 761720163000, "T_world_device": [[0.12163175492368283, 0.8832747244466217, 0.45280401648829266, -0.77221], [0.2270415895774221, 0.4193380409780023, -0.878981071463367, -0.6074970000000001], [-0.9662597129117734, 0.2097173539373316, -0.1495352756415067, -0.049933000000000005]], "gaze_centre_in_pixels": [852, 575], "gaze_direction_in_world": [0.06738761556414133, -0.8592944914739856, -0.5070225697057715]}
{"frame_index": 70, "tracking_timestamp_ns": 761720064962, "slam_timestamp_ns": 761719273000, "gaze_timestamp_ns": 761720163000, "T_world_device": [[0.11708714879757709, 0.8705143658161041, 0.478011860202485, -0.7876700000000001], [0.24041300844516283, 0.44216152128782416, -0.8641150238612816, -0.6303200000000001], [-0.9635829932895246, 0.21609703376081574, -0.15751154574499204, -0.045939999999999995]], "gaze_centre_in_pixels": [852, 575], "gaze_direction_in_world": [0.09292578939318802, -0.8517260846817403, -0.5156815629226683]}
{"frame_index": 71, "tracking_timestamp_ns": 761753388712, "slam_timestamp_ns": 761754206000, "gaze_timestamp_ns": 761720163000, "T_world_device": [[0.11631303811776228, 0.8567452362780237, 0.5024528607528563, -0.805431], [0.24823902318597896, 0.4647545122146415, -0.8499297798899634, -0.6548500000000002], [-0.9616905243016004, 0.22358632223605251, -0.15862059127827388, -0.041134000000000004]], "gaze_centre_in_pixels": [852, 575], "gaze_direction_in_world": [0.11935646190606856, -0.8463307876809614, -0.5191129287781115]}
{"frame_index": 72, "tracking_timestamp_ns": 761786716262, "slam_timestamp_ns": 761786161000, "gaze_timestamp_ns": 761720163000, "T_world_device": [[0.11629053892725427, 0.845220906164103, 0.5216110910814123, -0.8221010000000001], [0.25306490314394775, 0.48262608884938407, -0.838468969705314, -0.6771650000000001], [-0.9604346231538893, 0.22950746860413718, -0.1577708987810107, -0.037939]], "gaze_centre_in_pixels": [852, 575], "gaze_direction_in_world": [0.14054910889030642, -0.8422697494458428, -0.5204110079144926]}
{"frame_index": 73, "tracking_timestamp_ns": 761820051337, "slam_timestamp_ns": 761820113000, "gaze_timestamp_ns": 761720163000, "T_world_device": [[0.1190496933755738, 0.833828628495182, 0.5390333837611783, -0.8402450000000001], [0.25869593078199926, 0.49809390493755834, -0.8276345070505999, -0.701402], [-0.9585945889185985, 0.2379753772260868, -0.15641014650618046, -0.036355]], "gaze_centre_in_pixels": [852, 575], "gaze_direction_in_world": [0.16103513385429435, -0.8375257431315439, -0.522128638609763]}
{"frame_index": 74, "tracking_timestamp_ns": 761853379425, "slam_timestamp_ns": 761853050000, "gaze_timestamp_ns": 761920131000, "T_world_device": [[0.1228599987461656, 0.8225421704537367, 0.5552745253776263, -0.8581980000000001], [0.26562658746721335, 0.5118445773345561, -0.8169808104745988, -0.7258380000000001], [-0.9562154238133869, 0.2478699386340859, -0.15560384565594587, -0.03648699999999999]], "gaze_centre_in_pixels": [876, 561], "gaze_direction_in_world": [0.205887466464469, -0.8096085339683482, -0.5496766075416198]}
{"frame_index": 75, "tracking_timestamp_ns": 761886697512, "slam_timestamp_ns": 761887048000, "gaze_timestamp_ns": 761920131000, "T_world_device": [[0.12455377141394808, 0.8112383343426222, 0.5712956528099701, -0.8769650000000001], [0.27286939128316096, 0.5255719480323936, -0.8058017266934789, -0.7521200000000001], [-0.9539542197230008, 0.2562547410965168, -0.1559001422008266, -0.039087]], "gaze_centre_in_pixels": [876, 561], "gaze_direction_in_world": [0.22456521663247955, -0.8027817140437551, -0.5523694262681255]}
{"frame_index": 76, "tracking_timestamp_ns": 761920027262, "slam_timestamp_ns": 761919956000, "gaze_timestamp_ns": 761920131000, "T_world_device": [[0.12659382465660984, 0.8001272588455476, 0.5863193440533252, -0.8952829999999999], [0.28011542743338647, 0.5381829557414572, -0.794917891019695, -0.77847], [-0.9515825507398834, 0.26486878978410927, -0.15599735038031448, -0.043869000000000005]], "gaze_centre_in_pixels": [876, 561], "gaze_direction_in_world": [0.24242668530740544, -0.7957824438524955, -0.5549410818339312]}
{"frame_index": 77, "tracking_timestamp_ns": 761953412587, "slam_timestamp_ns": 761952863000, "gaze_timestamp_ns": 762020115000, "T_world_device": [[0.12980387408726846, 0.7882705989139354, 0.6014818510643545, -0.914477], [0.2883678790625492, 0.5503816129951256, -0.7835330538029974, -0.8047230000000001], [-0.9486806209662468, 0.27515367154510123, -0.15587025514301, -0.051482]], "gaze_centre_in_pixels": [903, 587], "gaze_direction_in_world": [0.22668057365504948, -0.7670802030464356, -0.6001698756366041]}
{"frame_index": 78, "tracking_timestamp_ns": 761986690887, "slam_timestamp_ns": 761986861000, "gaze_timestamp_ns": 762020115000, "T_world_device": [[0.13210893057599737, 0.7756948361323418, 0.6171262039969504, -0.934568], [0.29958444306896437, 0.5622216576264687, -0.7708151329383746, -0.832176], [-0.9448790356088576, 0.2867129730119744, -0.15811160353848175, -0.060045999999999995]], "gaze_centre_in_pixels": [903, 587], "gaze_direction_in_world": [0.24568919974037606, -0.7571155872594656, -0.605320414871073]}
{"frame_index": 79, "tracking_timestamp_ns": 762020011712, "slam_timestamp_ns": 762020104000, "gaze_timestamp_ns": 762020115000, "T_world_device": [[0.1337499347482234, 0.7626893947729273, 0.6327841986457564, -0.9544950000000001], [0.31238261019890146, 0.5735231770231081, -0.7572900832987594, -0.859222], [-0.9404935192760061, 0.2989582788922672, -0.16154221640675281, -0.06775]], "gaze_centre_in_pixels": [903, 587], "gaze_direction_in_world": [0.2646340039841695, -0.7456630434044481, -0.6115189855075006]}
{"frame_index": 80, "tracking_timestamp_ns": 762053337675, "slam_timestamp_ns": 762053740000, "gaze_timestamp_ns": 762020115000, "T_world_device": [[0.13156683992954088, 0.7502057160941933, 0.6479826773691973, -0.9744229999999999], [0.3221331488300363, 0.5858340920138387, -0.7436589615268325, -0.8870669999999999], [-0.9375075471993813, 0.30657755980162654, -0.16458978938646207, -0.07308]], "gaze_centre_in_pixels": [903, 587], "gaze_direction_in_world": [0.28153982134708105, -0.735685601990911, -0.6160373560256915]}
{"frame_index": 81, "tracking_timestamp_ns": 762086662425, "slam_timestamp_ns": 762085695000, "gaze_timestamp_ns": 762020115000, "T_world_device": [[0.12396133805071408, 0.7379249707729233, 0.6634005759557772, -0.993606], [0.3264597401374144, 0.6010104546053558, -0.7295275673505939, -0.914509], [-0.9370472905558654, 0.307006793027196, -0.16640073406408984, -0.07587400000000001]], "gaze_centre_in_pixels": [903, 587], "gaze_direction_in_world": [0.2964975746548414, -0.7285114488914195, -0.6175437288629214]}
{"frame_index": 82, "tracking_timestamp_ns": 762119991137, "slam_timestamp_ns": 762119647000, "gaze_timestamp_ns": 762020115000, "T_world_device": [[0.11540714949118935, 0.720674606179637, 0.6836002500395559, -1.0137729999999998], [0.33266663862336343, 0.6204148954141493, -0.7102240949836063, -0.945243], [-0.935956247584977, 0.3093759356447676, -0.1681440841973747, -0.07569700000000001]], "gaze_centre_in_pixels": [903, 587], "gaze_direction_in_world": [0.31710119675978327, -0.7180574568380167, -0.6195484805024003]}
{"frame_index": 83, "tracking_timestamp_ns": 762153318462, "slam_timestamp_ns": 762152632000, "gaze_timestamp_ns": 762220083000, "T_world_device": [[0.11734222200232514, 0.7029913073731913, 0.7014513701556855, -1.0330259999999998], [0.3439501768442492, 0.6338460226930351, -0.6927752127241781, -0.9771659999999999], [-0.9316271135944718, 0.32255610562187764, -0.1674170837808422, -0.073948]], "gaze_centre_in_pixels": [909, 561], "gaze_direction_in_world": [0.37646776973975427, -0.691113978114374, -0.6169550126241784]}
{"frame_index": 84, "tracking_timestamp_ns": 762186649512, "slam_timestamp_ns": 762187583000, "gaze_timestamp_ns": 762220083000, "T_world_device": [[0.1295930743377296, 0.6857184510331207, 0.7162372798147505, -1.0510229999999998], [0.3562730338471749, 0.6418913303975453, -0.6790029788696063, -1.012638], [-0.9253513713379504, 0.34317011215023785, -0.16111832201760223, -0.07192200000000001]], "gaze_centre_in_pixels": [909, 561], "gaze_direction_in_world": [0.4000819219453198, -0.6777588051698049, -0.6169096025734544]}
{"frame_index": 85, "tracking_timestamp_ns": 762219976837, "slam_timestamp_ns": 762219538000, "gaze_timestamp_ns": 762220083000, "T_world_device": [[0.13599735614642738, 0.6700180871716312, 0.7297811192296295, -1.0643880000000001], [0.36895150434458435, 0.6493852060465424, -0.6649613835477651, -1.046122], [-0.9194452167274842, 0.35968683188401285, -0.15888951005712149, -0.070954]], "gaze_centre_in_pixels": [909, 561], "gaze_direction_in_world": [0.4198305475727612, -0.6638347803547194, -0.6189230127537326]}
{"frame_index": 86, "tracking_timestamp_ns": 762253307962, "slam_timestamp_ns": 762252555000, "gaze_timestamp_ns": 762320067000, "T_world_device": [[0.13754448311934409, 0.6548586249457162, 0.7431296633143091, -1.074166], [0.38598993847958685, 0.6555108545253552, -0.6490895831793663, -1.0816609999999998], [-0.9121914725297301, 0.3761192642416026, -0.16260693869081422, -0.070851]], "gaze_centre_in_pixels": [874, 575], "gaze_direction_in_world": [0.4170380937512891, -0.6869615868381053, -0.5951159606069756]}
{"frame_index": 87, "tracking_timestamp_ns": 762286640137, "slam_timestamp_ns": 762286554000, "gaze_timestamp_ns": 762320067000, "T_world_device": [[0.13244337980864873, 0.6387476456201152, 0.7579315248487962, -1.0815259999999998], [0.4082332084725716, 0.6616485564682975, -0.6289410427246802, -1.118301], [-0.9032189095922712, 0.39271189559036507, -0.17312702971162608, -0.07234600000000001]], "gaze_centre_in_pixels": [874, 575], "gaze_direction_in_world": [0.43440994686316753, -0.6647919287319082, -0.6077332388139137]}
{"frame_index": 88, "tracking_timestamp_ns": 762319964137, "slam_timestamp_ns": 762320056000, "gaze_timestamp_ns": 762320067000, "T_world_device": [[0.1226371391436557, 0.6234990712748546, 0.7721457376830189, -1.086865], [0.4283572527391567, 0.6685635892814223, -0.6078920883782777, -1.1542700000000001], [-0.8952486783728987, 0.40530437353492177, -0.1850896233316246, -0.075849]], "gaze_centre_in_pixels": [874, 575], "gaze_direction_in_world": [0.44935841127455955, -0.6428764065605669, -0.6203119732074955]}
{"frame_index": 89, "tracking_timestamp_ns": 762353286675, "slam_timestamp_ns": 762353431000, "gaze_timestamp_ns": 762320067000, "T_world_device": [[0.11603591581581107, 0.6097186429472409, 0.784078339634096, -1.091532], [0.44620810656961873, 0.6732675455604284, -0.5895838682720145, -1.1903750000000002], [-0.8873747753189414, 0.4182750154355521, -0.19393818497151805, -0.08180899999999999]], "gaze_centre_in_pixels": [874, 575], "gaze_direction_in_world": [0.4628466968720744, -0.6231725048119844, -0.6304196732661246]}
{"frame_index": 90, "tracking_timestamp_ns": 762386616012, "slam_timestamp_ns": 762387372000, "gaze_timestamp_ns": 762320067000, "T_world_device": [[0.1108418248918066, 0.5931810962056185, 0.7974022052634134, -1.094914], [0.46467550551798914, 0.678312385609523, -0.5691827317306095, -1.2266759999999999], [-0.8785162288917919, 0.4336225255138603, -0.20045134307538648, -0.08959500000000001]], "gaze_centre_in_pixels": [874, 575], "gaze_direction_in_world": [0.4790983518004726, -0.601614347602213, -0.6391595622856896]}
{"frame_index": 91, "tracking_timestamp_ns": 762419949050, "slam_timestamp_ns": 762420040000, "gaze_timestamp_ns": 762320067000, "T_world_device": [[0.10805747511810426, 0.5766483169787144, 0.8098149792370578, -1.0970259999999998], [0.48216694273803257, 0.681963388930118, -0.549946338736433, -1.2613729999999999], [-0.8693897983078472, 0.44989182553650015, -0.2043495141018845, -0.09862400000000002]], "gaze_centre_in_pixels": [874, 575], "gaze_direction_in_world": [0.49537872314747305, -0.5808172469996556, -0.6459498790467573]}
{"frame_index": 92, "tracking_timestamp_ns": 762453373762, "slam_timestamp_ns": 762454261000, "gaze_timestamp_ns": 762520035000, "T_world_device": [[0.10781305272685315, 0.5623920176968066, 0.8198119077524012, -1.0979409999999998], [0.498675149414016, 0.6827858324326375, -0.5339724734348945, -1.2976309999999998], [-0.8600578126025166, 0.4663890280229426, -0.20683769850099654, -0.10939200000000002]], "gaze_centre_in_pixels": [882, 611], "gaze_direction_in_world": [0.460164422654122, -0.5697281050432472, -0.6809248052811918]}
{"frame_index": 93, "tracking_timestamp_ns": 762486601175, "slam_timestamp_ns": 762486262000, "gaze_timestamp_ns": 762520035000, "T_world_device": [[0.10668468534213293, 0.5530241414349178, 0.8263066482266872, -1.0975259999999998], [0.5118092995801437, 0.6819497837958781, -0.5224899360217743, -1.3311279999999999], [-0.852449188384113, 0.4786531012862312, -0.2102893003753168, -0.120051]], "gaze_centre_in_pixels": [882, 611], "gaze_direction_in_world": [0.4693036876695725, -0.5552996602172365, -0.6865830875446627]}
{"frame_index": 94, "tracking_timestamp_ns": 762519927762, "slam_timestamp_ns": 762520024000, "gaze_timestamp_ns": 762520035000, "T_world_device": [[0.10158811288792002, 0.5447657625359305, 0.8324122291800606, -1.0954989999999998], [0.5226181131021973, 0.6827545465385647, -0.5106040903071752, -1.3658959999999998], [-0.8464928606771416, 0.4869050145044362, -0.21534470895070745, -0.131669]], "gaze_centre_in_pixels": [882, 611], "gaze_direction_in_world": [0.47623274257669845, -0.542090815054956, -0.6923437896962242]}
{"frame_index": 95, "tracking_timestamp_ns": 762553262587, "slam_timestamp_ns": 762553155000, "gaze_timestamp_ns": 762520035000, "T_world_device": [[0.09722734058916493, 0.535710706923166, 0.8387853615376464, -1.092216], [0.5310051778384844, 0.6848826651910831, -0.49896817135913396, -1.399614], [-0.8417721457441305, 0.49391271841150275, -0.2178758390475677, -0.142276]], "gaze_centre_in_pixels": [882, 611], "gaze_direction_in_world": [0.4839969141739344, -0.530530432169445, -0.6959054875571905]}
{"frame_index": 96, "tracking_timestamp_ns": 762586588962, "slam_timestamp_ns": 762587108000, "gaze_timestamp_ns": 762520035000, "T_world_device": [[0.09907511461656704, 0.5269633302229778, 0.8440934606215256, -1.088199], [0.5375868444021336, 0.6854782448773566, -0.49103967306686624, -1.4363709999999998], [-0.8373676052902155, 0.502423351766384, -0.21537471813182285, -0.15139300000000003]], "gaze_centre_in_pixels": [882, 611], "gaze_direction_in_world": [0.4929275774052568, -0.5219663860751194, -0.6961131339380574]}
{"frame_index": 97, "tracking_timestamp_ns": 762619916712, "slam_timestamp_ns": 762619063000, "gaze_timestamp_ns": 762520035000, "T_world_device": [[0.10466894835323193, 0.5169827272337487, 0.8495724047970155, -1.08402], [0.5544005547189615, 0.6788803068073926, -0.48141619619245063, -1.471287], [-0.8256418328657629, 0.5213927394690645, -0.21555782298726278, -0.15964700000000004]], "gaze_centre_in_pixels": [882, 611], "gaze_direction_in_world": [0.5038663294770162, -0.5051945422026602, -0.7006405615920358]}
{"frame_index": 98, "tracking_timestamp_ns": 762653246712, "slam_timestamp_ns": 762653991000, "gaze_timestamp_ns": 762720003000, "T_world_device": [[0.10129767085874009, 0.5003946991614661, 0.8598511074190113, -1.0793059999999999], [0.5721899314085184, 0.6777329736770602, -0.46181890258581254, -1.5074539999999998], [-0.8138411787771059, 0.5387793253661048, -0.2176680368927313, -0.169673]], "gaze_centre_in_pixels": [882, 612], "gaze_direction_in_world": [0.5180707350062712, -0.48229092887019104, -0.7063980276441817]}
{"frame_index": 99, "tracking_timestamp_ns": 762686577137, "slam_timestamp_ns": 762685992000, "gaze_timestamp_ns": 762720003000, "T_world_device": [[0.09287750610131984, 0.47956706051477493, 0.87257618769344, -1.076276], [0.5865590020538815, 0.681798316457509, -0.4371493941266087, -1.5388259999999998], [-0.8045634256974113, 0.5524187633896269, -0.21797064913680786, -0.17865]], "gaze_centre_in_pixels": [882, 612], "gaze_direction_in_world": [0.5349065294988417, -0.45878637866588085, -0.7094998685342738]}
{"frame_index": 100, "tracking_timestamp_ns": 762720147137, "slam_timestamp_ns": 762719992000, "gaze_timestamp_ns": 762819987000, "T_world_device": [[0.08879032423617828, 0.4579261301612567, 0.8845450455672511, -1.07516], [0.6042126036391569, 0.6812402620507445, -0.4133265476165596, -1.5719159999999999], [-0.7918607250808855, 0.5711526631966001, -0.2161971956289117, -0.188512]], "gaze_centre_in_pixels": [882, 630], "gaze_direction_in_world": [0.5285173744735234, -0.4423264235876367, -0.7245803750280461]}
{"frame_index": 101, "tracking_timestamp_ns": 762753224962, "slam_timestamp_ns": 762753852000, "gaze_timestamp_ns": 762819987000, "T_world_device": [[0.09244777765192036, 0.4398229525822674, 0.8933135948753035, -1.076473], [0.6236902413907961, 0.6737758704854879, -0.39627838591754344, -1.6049820000000001], [-0.7761854747424173, 0.5937860277350248, -0.21202420160337554, -0.198781]], "gaze_centre_in_pixels": [882, 630], "gaze_direction_in_world": [0.5454516479875811, -0.4181530984987593, -0.726381776976487]}
{"frame_index": 102, "tracking_timestamp_ns": 762786400675, "slam_timestamp_ns": 762785853000, "gaze_timestamp_ns": 762819987000, "T_world_device": [[0.09484697016993004, 0.4215402132010813, 0.9018358503097844, -1.0787609999999999], [0.6408607662161303, 0.6673771450094588, -0.3793484211696399, -1.6352229999999999], [-0.7617752493842652, 0.6139312624173907, -0.20684988385815073, -0.20926100000000003]], "gaze_centre_in_pixels": [882, 630], "gaze_direction_in_world": [0.5618274158747394, -0.3953947941922437, -0.7266449693606815]}
