{"frame_index": 0, "tracking_timestamp_ns": 26427314237, "slam_timestamp_ns": null, "gaze_timestamp_ns": null, "T_world_device": null, "gaze_centre_in_pixels": null, "gaze_direction_in_world": null}
{"frame_index": 1, "tracking_timestamp_ns": 26461375162, "slam_timestamp_ns": null, "gaze_timestamp_ns": null, "T_world_device": null, "gaze_centre_in_pixels": null, "gaze_direction_in_world": null}
{"frame_index": 2, "tracking_timestamp_ns": 26494702487, "slam_timestamp_ns": null, "gaze_timestamp_ns": null, "T_world_device": null, "gaze_centre_in_pixels": null, "gaze_direction_in_world": null}
{"frame_index": 3, "tracking_timestamp_ns": 26528023737, "slam_timestamp_ns": null, "gaze_timestamp_ns": null, "T_world_device": null, "gaze_centre_in_pixels": null, "gaze_direction_in_world": null}
{"frame_index": 4, "tracking_timestamp_ns": 26561354787, "slam_timestamp_ns": null, "gaze_timestamp_ns": null, "T_world_device": null, "gaze_centre_in_pixels": null, "gaze_direction_in_world": null}
{"frame_index": 5, "tracking_timestamp_ns": 26594682112, "slam_timestamp_ns": null, "gaze_timestamp_ns": null, "T_world_device": null, "gaze_centre_in_pixels": null, "gaze_direction_in_world": null}
{"frame_index": 6, "tracking_timestamp_ns": 26628009450, "slam_timestamp_ns": null, "gaze_timestamp_ns": null, "T_world_device": null, "gaze_centre_in_pixels": null, "gaze_direction_in_world": null}
{"frame_index": 7, "tracking_timestamp_ns": 26661336787, "slam_timestamp_ns": null, "gaze_timestamp_ns": null, "T_world_device": null, "gaze_centre_in_pixels": null, "gaze_direction_in_world": null}
{"frame_index": 8, "tracking_timestamp_ns": 26694664112, "slam_timestamp_ns": null, "gaze_timestamp_ns": null, "T_world_device": null, "gaze_centre_in_pixels": null, "gaze_direction_in_world": null}
{"frame_index": 9, "tracking_timestamp_ns": 26727991412, "slam_timestamp_ns": null, "gaze_timestamp_ns": null, "T_world_device": null, "gaze_centre_in_pixels": null, "gaze_direction_in_world": null}
{"frame_index": 10, "tracking_timestamp_ns": 26761322487, "slam_timestamp_ns": null, "gaze_timestamp_ns": null, "T_world_device": null, "gaze_centre_in_pixels": null, "gaze_direction_in_world": null}
{"frame_index": 11, "tracking_timestamp_ns": 26794649825, "slam_timestamp_ns": null, "gaze_timestamp_ns": null, "T_world_device": null, "gaze_centre_in_pixels": null, "gaze_direction_in_world": null}
{"frame_index": 12, "tracking_timestamp_ns": 26827977112, "slam_timestamp_ns": null, "gaze_timestamp_ns": null, "T_world_device": null, "gaze_centre_in_pixels": null, "gaze_direction_in_world": null}
{"frame_index": 13, "tracking_timestamp_ns": 26861308200, "slam_timestamp_ns": null, "gaze_timestamp_ns": null, "T_world_device": null, "gaze_centre_in_pixels": null, "gaze_direction_in_world": null}
{"frame_index": 14, "tracking_timestamp_ns": 26894639237, "slam_timestamp_ns": null, "gaze_timestamp_ns": null, "T_world_device": null, "gaze_centre_in_pixels": null, "gaze_direction_in_world": null}
{"frame_index": 15, "tracking_timestamp_ns": 26927962825, "slam_timestamp_ns": null, "gaze_timestamp_ns": null, "T_world_device": null, "gaze_centre_in_pixels": null, "gaze_direction_in_world": null}
{"frame_index": 16, "tracking_timestamp_ns": 26961331112, "slam_timestamp_ns": null, "gaze_timestamp_ns": null, "T_world_device": null, "gaze_centre_in_pixels": null, "gaze_direction_in_world": null}
{"frame_index": 17, "tracking_timestamp_ns": 26994617487, "slam_timestamp_ns": null, "gaze_timestamp_ns": null, "T_world_device": null, "gaze_centre_in_pixels": null, "gaze_direction_in_world": null}
{"frame_index": 18, "tracking_timestamp_ns": 27027944825, "slam_timestamp_ns": null, "gaze_timestamp_ns": null, "T_world_device": null, "gaze_centre_in_pixels": null, "gaze_direction_in_world": null}
{"frame_index": 19, "tracking_timestamp_ns": 27061272162, "slam_timestamp_ns": null, "gaze_timestamp_ns": null, "T_world_device": null, "gaze_centre_in_pixels": null, "gaze_direction_in_world": null}
{"frame_index": 20, "tracking_timestamp_ns": 27094599487, "slam_timestamp_ns": null, "gaze_timestamp_ns": null, "T_world_device": null, "gaze_centre_in_pixels": null, "gaze_direction_in_world": null}
{"frame_index": 21, "tracking_timestamp_ns": 27127930537, "slam_timestamp_ns": null, "gaze_timestamp_ns": null, "T_world_device": null, "gaze_centre_in_pixels": null, "gaze_direction_in_world": null}
{"frame_index": 22, "tracking_timestamp_ns": 27161257862, "slam_timestamp_ns": null, "gaze_timestamp_ns": null, "T_world_device": null, "gaze_centre_in_pixels": null, "gaze_direction_in_world": null}
{"frame_index": 23, "tracking_timestamp_ns": 27194585200, "slam_timestamp_ns": null, "gaze_timestamp_ns": null, "T_world_device": null, "gaze_centre_in_pixels": null, "gaze_direction_in_world": null}
{"frame_index": 24, "tracking_timestamp_ns": 27227912487, "slam_timestamp_ns": null, "gaze_timestamp_ns": null, "T_world_device": null, "gaze_centre_in_pixels": null, "gaze_direction_in_world": null}
{"frame_index": 25, "tracking_timestamp_ns": 27261239825, "slam_timestamp_ns": null, "gaze_timestamp_ns": null, "T_world_device": null, "gaze_centre_in_pixels": null, "gaze_direction_in_world": null}
{"frame_index": 26, "tracking_timestamp_ns": 27294570912, "slam_timestamp_ns": null, "gaze_timestamp_ns": null, "T_world_device": null, "gaze_centre_in_pixels": null, "gaze_direction_in_world": null}
{"frame_index": 27, "tracking_timestamp_ns": 27327898200, "slam_timestamp_ns": null, "gaze_timestamp_ns": null, "T_world_device": null, "gaze_centre_in_pixels": null, "gaze_direction_in_world": null}
{"frame_index": 28, "tracking_timestamp_ns": 27361225537, "slam_timestamp_ns": null, "gaze_timestamp_ns": null, "T_world_device": null, "gaze_centre_in_pixels": null, "gaze_direction_in_world": null}
{"frame_index": 29, "tracking_timestamp_ns": 27394552862, "slam_timestamp_ns": null, "gaze_timestamp_ns": null, "T_world_device": null, "gaze_centre_in_pixels": null, "gaze_direction_in_world": null}
{"frame_index": 30, "tracking_timestamp_ns": 27427880200, "slam_timestamp_ns": null, "gaze_timestamp_ns": null, "T_world_device": null, "gaze_centre_in_pixels": null, "gaze_direction_in_world": null}
{"frame_index": 31, "tracking_timestamp_ns": 27461207537, "slam_timestamp_ns": null, "gaze_timestamp_ns": null, "T_world_device": null, "gaze_centre_in_pixels": null, "gaze_direction_in_world": null}
{"frame_index": 32, "tracking_timestamp_ns": 27494538575, "slam_timestamp_ns": null, "gaze_timestamp_ns": null, "T_world_device": null, "gaze_centre_in_pixels": null, "gaze_direction_in_world": null}
{"frame_index": 33, "tracking_timestamp_ns": 27527869612, "slam_timestamp_ns": null, "gaze_timestamp_ns": null, "T_world_device": null, "gaze_centre_in_pixels": null, "gaze_direction_in_world": null}
{"frame_index": 34, "tracking_timestamp_ns": 27561193237, "slam_timestamp_ns": null, "gaze_timestamp_ns": null, "T_world_device": null, "gaze_centre_in_pixels": null, "gaze_direction_in_world": null}
{"frame_index": 35, "tracking_timestamp_ns": 27594520575, "slam_timestamp_ns": null, "gaze_timestamp_ns": null, "T_world_device": null, "gaze_centre_in_pixels": null, "gaze_direction_in_world": null}
{"frame_index": 36, "tracking_timestamp_ns": 27627847862, "slam_timestamp_ns": null, "gaze_timestamp_ns": null, "T_world_device": null, "gaze_centre_in_pixels": null, "gaze_direction_in_world": null}
{"frame_index": 37, "tracking_timestamp_ns": 27661178950, "slam_timestamp_ns": null, "gaze_timestamp_ns": null, "T_world_device": null, "gaze_centre_in_pixels": null, "gaze_direction_in_world": null}
{"frame_index": 38, "tracking_timestamp_ns": 27694506287, "slam_timestamp_ns": null, "gaze_timestamp_ns": null, "T_world_device": null, "gaze_centre_in_pixels": null, "gaze_direction_in_world": null}
{"frame_index": 39, "tracking_timestamp_ns": 27727833575, "slam_timestamp_ns": null, "gaze_timestamp_ns": null, "T_world_device": null, "gaze_centre_in_pixels": null, "gaze_direction_in_world": null}
{"frame_index": 40, "tracking_timestamp_ns": 27761172075, "slam_timestamp_ns": null, "gaze_timestamp_ns": null, "T_world_device": null, "gaze_centre_in_pixels": null, "gaze_direction_in_world": null}
{"frame_index": 41, "tracking_timestamp_ns": 27794488237, "slam_timestamp_ns": null, "gaze_timestamp_ns": null, "T_world_device": null, "gaze_centre_in_pixels": null, "gaze_direction_in_world": null}
{"frame_index": 42, "tracking_timestamp_ns": 27827815575, "slam_timestamp_ns": null, "gaze_timestamp_ns": null, "T_world_device": null, "gaze_centre_in_pixels": null, "gaze_direction_in_world": null}
{"frame_index": 43, "tracking_timestamp_ns": 27861146612, "slam_timestamp_ns": null, "gaze_timestamp_ns": null, "T_world_device": null, "gaze_centre_in_pixels": null, "gaze_direction_in_world": null}
{"frame_index": 44, "tracking_timestamp_ns": 27894473950, "slam_timestamp_ns": null, "gaze_timestamp_ns": null, "T_world_device": null, "gaze_centre_in_pixels": null, "gaze_direction_in_world": null}
{"frame_index": 45, "tracking_timestamp_ns": 27927801287, "slam_timestamp_ns": 27928672000, "gaze_timestamp_ns": 27994562000, "T_world_device": [[0.10992142779842362, 0.9821948719552871, -0.1523499695290207, -0.23721600000000004], [0.024792463978252466, -0.15594054240057575, -0.9874552551714441, -0.25873999999999997], [-0.9936310247977582, 0.10476536040386597, -0.04149223805490765, 0.021380000000000003]], "gaze_centre_in_pixels": [673, 618], "gaze_direction_in_world": [-0.6144510969008619, -0.7817380631166719, -0.10646807123227989]}
{"frame_index": 46, "tracking_timestamp_ns": 27961128612, "slam_timestamp_ns": 27960670000, "gaze_timestamp_ns": 27994562000, "T_world_device": [[0.11055778597710164, 0.9820082104854342, -0.15309098764798856, -0.23784800000000003], [0.023630924479986604, -0.15658904865648982, -0.9873811063865243, -0.261071], [-0.9935887254634398, 0.10554498747003899, -0.040517900388430395, 0.021573000000000002]], "gaze_centre_in_pixels": [673, 618], "gaze_direction_in_world": [-0.6149917676534106, -0.7813759137678892, -0.10600380701620796]}
{"frame_index": 47, "tracking_timestamp_ns": 27994455950, "slam_timestamp_ns": 27994551000, "gaze_timestamp_ns": 27994562000, "T_world_device": [[0.11093854904606681, 0.9817179459113401, -0.15466904348049804, -0.23843200000000003], [0.021441167906503578, -0.1579577439041271, -0.9872130608230035, -0.263288], [-0.9935959514079948, 0.10620369963582676, -0.03857278223442684, 0.021837]], "gaze_centre_in_pixels": [673, 618], "gaze_direction_in_world": [-0.6162143991389151, -0.7805965972429221, -0.10463635442157349]}
{"frame_index": 48, "tracking_timestamp_ns": 28027783237, "slam_timestamp_ns": 28027493000, "gaze_timestamp_ns": 27994562000, "T_world_device": [[0.11019847513299763, 0.981511544377319, -0.15649723426441892, -0.238883], [0.020339457857224075, -0.15965021359709786, -0.9869640904067762, -0.265415], [-0.9937014654977805, 0.10557886887275941, -0.0375566227862989, 0.021899]], "gaze_centre_in_pixels": [673, 618], "gaze_direction_in_world": [-0.6177171098447135, -0.7795668074839063, -0.1034464348077995]}
{"frame_index": 49, "tracking_timestamp_ns": 28061114325, "slam_timestamp_ns": 28061431000, "gaze_timestamp_ns": 27994562000, "T_world_device": [[0.10939372297875205, 0.9811895929714354, -0.15905972468666146, -0.239327], [0.02073212708034372, -0.16223753123014317, -0.9865339134399143, -0.267594], [-0.9937822660319373, 0.10462297121042158, -0.038089914879541276, 0.021707]], "gaze_centre_in_pixels": [673, 618], "gaze_direction_in_world": [-0.6198029142082851, -0.7779102346125747, -0.10344087404854135]}
{"frame_index": 50, "tracking_timestamp_ns": 28094441662, "slam_timestamp_ns": 28094535000, "gaze_timestamp_ns": 27994562000, "T_world_device": [[0.1093163522601035, 0.9807330801315128, -0.16190293593477723, -0.23973200000000003], [0.02205181521461691, -0.16523175458144745, -0.9860082072293703, -0.269669], [-0.9937623722874023, 0.10421656688690145, -0.03968947734630279, 0.021291]], "gaze_centre_in_pixels": [673, 618], "gaze_direction_in_world": [-0.6220529042831059, -0.7759525576545331, -0.10463179508324146]}
{"frame_index": 51, "tracking_timestamp_ns": 28127768950, "slam_timestamp_ns": 28127367000, "gaze_timestamp_ns": 28194530000, "T_world_device": [[0.10898615896221031, 0.9805122779856357, -0.16345546755640544, -0.24001600000000003], [0.023015902231583063, -0.16687997696222712, -0.9857085479661584, -0.271025], [-0.9937767784563742, 0.10366651343855315, -0.04075498242379916, 0.020497]], "gaze_centre_in_pixels": [647, 543], "gaze_direction_in_world": [-0.5349362999589474, -0.8432469911333256, -0.05270357607244634]}
{"frame_index": 52, "tracking_timestamp_ns": 28161096287, "slam_timestamp_ns": 28160362000, "gaze_timestamp_ns": 28194530000, "T_world_device": [[0.10866169488481359, 0.9803525401021957, -0.16462543296809395, -0.240327], [0.023095993768302348, -0.1680510572459415, -0.9855076951654796, -0.272283], [-0.9938104503055974, 0.10328474850477198, -0.040902928864468446, 0.019826]], "gaze_centre_in_pixels": [647, 543], "gaze_direction_in_world": [-0.5359431846730763, -0.8426082305872785, -0.0526903458809735]}
{"frame_index": 53, "tracking_timestamp_ns": 28194423612, "slam_timestamp_ns": 28194262000, "gaze_timestamp_ns": 28194530000, "T_world_device": [[0.10859287275525509, 0.980062788676795, -0.1663866528235527, -0.24077700000000002], [0.02242657844145929, -0.16974916116105065, -0.985232089847123, -0.273479], [-0.9938333042146306, 0.10325769964600373, -0.04041300406608883, 0.019338000000000004]], "gaze_centre_in_pixels": [647, 543], "gaze_direction_in_world": [-0.5374503537183941, -0.8416765057543312, -0.052228124120556434]}
{"frame_index": 54, "tracking_timestamp_ns": 28227754662, "slam_timestamp_ns": 28228212000, "gaze_timestamp_ns": 28194530000, "T_world_device": [[0.10841015578590141, 0.9796433177043615, -0.16895623160945583, -0.24161100000000002], [0.02223463488484656, -0.1723048783716068, -0.9847926938705849, -0.275252], [-0.9938575648119877, 0.10300484923797182, -0.04046161019347294, 0.019481000000000005]], "gaze_centre_in_pixels": [647, 543], "gaze_direction_in_world": [-0.5396484658972496, -0.8402722317534674, -0.05217384209344858]}
{"frame_index": 55, "tracking_timestamp_ns": 28261081987, "slam_timestamp_ns": 28260208000, "gaze_timestamp_ns": 28194530000, "T_world_device": [[0.10801007213216407, 0.9790888783094669, -0.17239139389399477, -0.242676], [0.02181348149268797, -0.17569814198652334, -0.9842023851462927, -0.27680600000000005], [-0.9939104569040276, 0.10254331413209367, -0.04033450611615175, 0.019725000000000003]], "gaze_centre_in_pixels": [647, 543], "gaze_direction_in_world": [-0.5425855481452104, -0.8383971749801629, -0.05187581256465958]}
{"frame_index": 56, "tracking_timestamp_ns": 28294409325, "slam_timestamp_ns": 28294109000, "gaze_timestamp_ns": 28194530000, "T_world_device": [[0.10798109290635027, 0.9783504433240477, -0.17655167408549216, -0.24396900000000005], [0.02046997107855769, -0.17974043114294536, -0.9835010715279325, -0.278339], [-0.9939421833581636, 0.10258551291575191, -0.03943537347381132, 0.020078000000000002]], "gaze_centre_in_pixels": [647, 543], "gaze_direction_in_world": [-0.5461280860781246, -0.8361439047941905, -0.05106352976604935]}
{"frame_index": 57, "tracking_timestamp_ns": 28327736662, "slam_timestamp_ns": 28328036000, "gaze_timestamp_ns": 28394498000, "T_world_device": [[0.10854327075338688, 0.9775765046227817, -0.18045092403105473, -0.24540600000000004], [0.0184866056355939, -0.1834770116236586, -0.9828501572557873, -0.27908000000000005], [-0.9939198175840096, 0.1033458456598832, -0.037987266269272846, 0.020088]], "gaze_centre_in_pixels": [723, 645], "gaze_direction_in_world": [-0.6549917403307578, -0.731936846581441, -0.18776121195524248]}
{"frame_index": 58, "tracking_timestamp_ns": 28361063987, "slam_timestamp_ns": 28361983000, "gaze_timestamp_ns": 28394498000, "T_world_device": [[0.10961688676425885, 0.9767622630885342, -0.18417279805192954, -0.24691800000000005], [0.01636114182600279, -0.18703735166656932, -0.9822165454316607, -0.27978600000000003], [-0.9938392481554857, 0.10465424256914452, -0.03648339811500012, 0.019974000000000006]], "gaze_centre_in_pixels": [723, 645], "gaze_direction_in_world": [-0.6575983300018998, -0.7297477545651434, -0.18717011269389056]}
{"frame_index": 59, "tracking_timestamp_ns": 28394391325, "slam_timestamp_ns": 28394487000, "gaze_timestamp_ns": 28394498000, "T_world_device": [[0.11066157746615057, 0.9759934474041548, -0.1875921264255414, -0.24839200000000003], [0.014269430505503222, -0.1902922308337951, -0.9816237824326315, -0.280505], [-0.9937557036947018, 0.10595120343087544, -0.034984909115180596, 0.019809]], "gaze_centre_in_pixels": [723, 645], "gaze_direction_in_world": [-0.6599761737773192, -0.7277502192630116, -0.18657724515301463]}
{"frame_index": 60, "tracking_timestamp_ns": 28427722362, "slam_timestamp_ns": 28426857000, "gaze_timestamp_ns": 28394498000, "T_world_device": [[0.11178850425704234, 0.9751950320076884, -0.19104444473341042, -0.25004], [0.01187844085258749, -0.19354704761602815, -0.9810190839132696, -0.2818780000000001], [-0.993661025178549, 0.10739734590129724, -0.03322013146380298, 0.019866]], "gaze_centre_in_pixels": [723, 645], "gaze_direction_in_world": [-0.6623579448039305, -0.7257731591571149, -0.18583668744953039]}
{"frame_index": 61, "tracking_timestamp_ns": 28461049700, "slam_timestamp_ns": 28461802000, "gaze_timestamp_ns": 28394498000, "T_world_device": [[0.1124586635588023, 0.9743574961704828, -0.19488591187398624, -0.251891], [0.008792723026872729, -0.19709820608140793, -0.9803443197067359, -0.283532], [-0.9936175003553129, 0.10853463417673498, -0.03073265643873646, 0.020041]], "gaze_centre_in_pixels": [723, 645], "gaze_direction_in_world": [-0.6650944668819435, -0.7236520692058618, -0.18432860021466552]}
{"frame_index": 62, "tracking_timestamp_ns": 28494377037, "slam_timestamp_ns": 28494471000, "gaze_timestamp_ns": 28394498000, "T_world_device": [[0.11233395737842677, 0.9737527832422126, -0.19795605357691537, -0.253575], [0.005934370763167718, -0.19987087304199536, -0.9798042750228619, -0.28531100000000004], [-0.9936527890884961, 0.10889054705287976, -0.028230896180914344, 0.020235999999999997]], "gaze_centre_in_pixels": [723, 645], "gaze_direction_in_world": [-0.6673828420736044, -0.7220306197749526, -0.1824059379876548]}
{"frame_index": 63, "tracking_timestamp_ns": 28527704325, "slam_timestamp_ns": 28527657000, "gaze_timestamp_ns": 28594466000, "T_world_device": [[0.11209601732655372, 0.9732039186773198, -0.2007700564592093, -0.25524299999999994], [0.003143315613256703, -0.2023897239476815, -0.9793000149123543, -0.28742100000000004], [-0.9936924083772004, 0.10914454778636712, -0.025746169074817082, 0.020315000000000003]], "gaze_centre_in_pixels": [809, 738], "gaze_direction_in_world": [-0.7328874287253162, -0.5939652349110054, -0.33178504567491995]}
{"frame_index": 64, "tracking_timestamp_ns": 28561031662, "slam_timestamp_ns": 28560606000, "gaze_timestamp_ns": 28594466000, "T_world_device": [[0.11184444799047588, 0.9725675190281781, -0.20396872403650634, -0.257005], [0.0005159180556285614, -0.20531336272251455, -0.9786961514771239, -0.289833], [-0.9937255925466878, 0.10935649966484828, -0.02346492486215279, 0.020263]], "gaze_centre_in_pixels": [809, 738], "gaze_direction_in_world": [-0.7349073293042802, -0.5923257536268322, -0.33024448356521535]}
{"frame_index": 65, "tracking_timestamp_ns": 28594362700, "slam_timestamp_ns": 28594455000, "gaze_timestamp_ns": 28594466000, "T_world_device": [[0.11175213805900008, 0.9718000710648025, -0.20764412228061424, -0.258979], [-0.0018246955876104476, -0.2087519588100013, -0.9779669167098648, -0.29265], [-0.9937344364191343, 0.10966878120701401, -0.021555238419310285, 0.020048]], "gaze_centre_in_pixels": [809, 738], "gaze_direction_in_world": [-0.7371571617308096, -0.5901993382622817, -0.32903504376242665]}
{"frame_index": 66, "tracking_timestamp_ns": 28627690037, "slam_timestamp_ns": 28627502000, "gaze_timestamp_ns": 28594466000, "T_world_device": [[0.11223498439023827, 0.9709250802232674, -0.2114421832850893, -0.261094], [-0.003296338807751986, -0.2124216732241111, -0.9771725369120512, -0.2959840000000001], [-0.9936762261568846, 0.1103699295012523, -0.02064064515709707, 0.019697000000000003]], "gaze_centre_in_pixels": [809, 738], "gaze_direction_in_world": [-0.7392884693115299, -0.5876659756961412, -0.3287875608232727]}
{"frame_index": 67, "tracking_timestamp_ns": 28661017362, "slam_timestamp_ns": 28660451000, "gaze_timestamp_ns": 28594466000, "T_world_device": [[0.11413590583114752, 0.969691654827756, -0.21603492670749236, -0.263479], [-0.003806546286315604, -0.21702751722396707, -0.9761580645433253, -0.299649], [-0.9934578527574653, 0.11223703187900502, -0.021079456101086747, 0.019073000000000003]], "gaze_centre_in_pixels": [809, 738], "gaze_direction_in_world": [-0.7414318140992499, -0.5841450709939311, -0.3302323440776067]}
{"frame_index": 68, "tracking_timestamp_ns": 28694344700, "slam_timestamp_ns": 28694439000, "gaze_timestamp_ns": 28594466000, "T_world_device": [[0.11598901143419227, 0.968217631191589, -0.22158783332183846, -0.26629499999999995], [-0.0032382640621718695, -0.2227237938952471, -0.974876210233264, -0.30378600000000006], [-0.993245217895552, 0.11379248781292867, -0.02269816831733351, 0.018050000000000004]], "gaze_centre_in_pixels": [809, 738], "gaze_direction_in_world": [-0.7441434900461524, -0.5794759032570279, -0.3323524390859547]}
{"frame_index": 69, "tracking_timestamp_ns": 28727672037, "slam_timestamp_ns": 28727330000, "gaze_timestamp_ns": 28794434000, "T_world_device": [[0.11654260641177827, 0.9668862635244424, -0.22704355154571604, -0.269281], [-0.0011243621398632775, -0.2284727230442991, -0.9735496652120537, -0.30841100000000005], [-0.9931850566236526, 0.1137152946285851, -0.025539676329318528, 0.016438]], "gaze_centre_in_pixels": [784, 709], "gaze_direction_in_world": [-0.7308709142604455, -0.6169377026033338, -0.2919170734894088]}
{"frame_index": 70, "tracking_timestamp_ns": 28760999362, "slam_timestamp_ns": 28760279000, "gaze_timestamp_ns": 28794434000, "T_world_device": [[0.116025376598063, 0.9656859560154831, -0.23235478548921623, -0.272892], [0.0011107327400831646, -0.23406072521169285, -0.9722213447493097, -0.313242], [-0.9932456283609092, 0.11254426359365588, -0.028229602797487097, 0.014308]], "gaze_centre_in_pixels": [784, 709], "gaze_direction_in_world": [-0.7343692704883307, -0.6121036608514052, -0.29331021621270714]}
{"frame_index": 71, "tracking_timestamp_ns": 28794330412, "slam_timestamp_ns": 28794273000, "gaze_timestamp_ns": 28794434000, "T_world_device": [[0.11535348538784551, 0.964708320390397, -0.23670958995869829, -0.27746400000000004], [0.0037095058251241375, -0.23871707099195572, -0.97108207664623, -0.3183800000000001], [-0.9933175791132508, 0.11113962653599496, -0.0311154372945337, 0.012022999999999999]], "gaze_centre_in_pixels": [784, 709], "gaze_direction_in_world": [-0.7372924713111563, -0.6078992122580966, -0.2947174231087696]}
{"frame_index": 72, "tracking_timestamp_ns": 28827657737, "slam_timestamp_ns": 28827192000, "gaze_timestamp_ns": 28894418000, "T_world_device": [[0.11503738826127585, 0.9642813907300856, -0.23859547102507295, -0.282783], [0.008855734966906892, -0.24117603593784187, -0.9704409799918308, -0.3233260000000001], [-0.9933216877025389, 0.10952405754427091, -0.036283681715322924, 0.009935000000000001]], "gaze_centre_in_pixels": [777, 703], "gaze_direction_in_world": [-0.7357016603062173, -0.6144978859789059, -0.2848427902372307]}
{"frame_index": 73, "tracking_timestamp_ns": 28860985075, "slam_timestamp_ns": 28860141000, "gaze_timestamp_ns": 28894418000, "T_world_device": [[0.11556670939773639, 0.9641746384900414, -0.2387710245644924, -0.28922800000000004], [0.016026778600241542, -0.2421603380113999, -0.9701038671512983, -0.32825600000000005], [-0.9931704174242596, 0.10828498135384651, -0.04343828687366891, 0.008414]], "gaze_centre_in_pixels": [777, 703], "gaze_direction_in_world": [-0.7356736492424106, -0.6122680293920545, -0.289675925811457]}
{"frame_index": 74, "tracking_timestamp_ns": 28894312412, "slam_timestamp_ns": 28894135000, "gaze_timestamp_ns": 28894418000, "T_world_device": [[0.11647663127268082, 0.9641402474417491, -0.238467560960251, -0.297271], [0.02283580732672741, -0.24263808420026978, -0.9698480736689432, -0.33316700000000005], [-0.9929308738633847, 0.10751903719149453, -0.05027858759262771, 0.0073549999999999996]], "gaze_centre_in_pixels": [777, 703], "gaze_direction_in_world": [-0.73524041232801, -0.6104716943527201, -0.2945264783917687]}
{"frame_index": 75, "tracking_timestamp_ns": 28927639700, "slam_timestamp_ns": 28927036000, "gaze_timestamp_ns": 28894418000, "T_world_device": [[0.11701767124269002, 0.964380973215226, -0.2372260591026864, -0.30695400000000006], [0.025975530954178927, -0.24175742322478522, -0.9699889793741785, -0.33821700000000005], [-0.9927900767073501, 0.10734377865608025, -0.05334019849277105, 0.006797]], "gaze_centre_in_pixels": [777, 703], "gaze_direction_in_world": [-0.7343075668458869, -0.6104980867965158, -0.29679030188108746]}
{"frame_index": 76, "tracking_timestamp_ns": 28960970787, "slam_timestamp_ns": 28960983000, "gaze_timestamp_ns": 28894418000, "T_world_device": [[0.11714676681671632, 0.965260642112445, -0.23355626262864415, -0.31818900000000006], [0.026773062716453466, -0.23815960878334996, -0.9708569430441039, -0.343443], [-0.9927536643786165, 0.10747973545200035, -0.05374261186430407, 0.0059359999999999994]], "gaze_centre_in_pixels": [777, 703], "gaze_direction_in_world": [-0.7319332707314472, -0.6131546066867872, -0.29717859191929935]}
{"frame_index": 77, "tracking_timestamp_ns": 28994298075, "slam_timestamp_ns": 28994391000, "gaze_timestamp_ns": 28894418000, "T_world_device": [[0.11721038430289543, 0.9668332336873283, -0.22692559143752766, -0.3304230000000001], [0.026843043835219627, -0.23150144131980754, -0.9724641554651321, -0.348696], [-0.9927442655635077, 0.10789152378456818, -0.0530871197769851, 0.00444]], "gaze_centre_in_pixels": [777, 703], "gaze_direction_in_world": [-0.7276660946997389, -0.6183426988617748, -0.296908001557329]}
{"frame_index": 78, "tracking_timestamp_ns": 29027625412, "slam_timestamp_ns": 29026775000, "gaze_timestamp_ns": 29094386000, "T_world_device": [[0.11747896311205985, 0.9687562471309463, -0.21842625041619906, -0.34363099999999996], [0.02788996180530262, -0.22308109384574415, -0.9744008290221664, -0.35396600000000006], [-0.9926836571922668, 0.10837969926767227, -0.05322591032603263, 0.002079]], "gaze_centre_in_pixels": [779, 594], "gaze_direction_in_world": [-0.5992554840020727, -0.7495324981736118, -0.28123637580346184]}
{"frame_index": 79, "tracking_timestamp_ns": 29060952737, "slam_timestamp_ns": 29061720000, "gaze_timestamp_ns": 29094386000, "T_world_device": [[0.11725150277034013, 0.9712275622561761, -0.20728991150565523, -0.35930800000000007], [0.03023885717097835, -0.21212443195061526, -0.976774711428701, -0.35990600000000006], [-0.9926417765816076, 0.10826009275607629, -0.054240719956096584, -0.001154]], "gaze_centre_in_pixels": [779, 594], "gaze_direction_in_world": [-0.5906372619416161, -0.7560338492235897, -0.2820646089715498]}
{"frame_index": 80, "tracking_timestamp_ns": 29094280075, "slam_timestamp_ns": 29094375000, "gaze_timestamp_ns": 29094386000, "T_world_device": [[0.11482940325474589, 0.9741304609082504, -0.19463826262798106, -0.37530900000000006], [0.03338977410886307, -0.19960845869914268, -0.9793066864883095, -0.365645], [-0.9928239174864386, 0.10595427479074554, -0.05544691623931142, -0.0044800000000000005]], "gaze_centre_in_pixels": [779, 594], "gaze_direction_in_world": [-0.5812951702745328, -0.763215075047725, -0.28213237005951197]}
{"frame_index": 81, "tracking_timestamp_ns": 29127607412, "slam_timestamp_ns": 29127564000, "gaze_timestamp_ns": 29094386000, "T_world_device": [[0.10968887085204126, 0.977576902111906, -0.17975469971183838, -0.392894], [0.037197316690352866, -0.18475646525291456, -0.9820801434599349, -0.37162700000000004], [-0.9932697072005376, 0.1010368695305704, -0.056628965673237275, -0.007756]], "gaze_centre_in_pixels": [779, 594], "gaze_direction_in_world": [-0.5707494108500482, -0.7715212663543768, -0.2810694675294022]}
{"frame_index": 82, "tracking_timestamp_ns": 29160938450, "slam_timestamp_ns": 29161511000, "gaze_timestamp_ns": 29094386000, "T_world_device": [[0.1031603099974212, 0.9811625044176437, -0.16333429023365903, -0.41255600000000003], [0.040760121556817575, -0.16824245684436256, -0.9849025780277185, -0.37770600000000004], [-0.9938292423409112, 0.0949453297422782, -0.05734824694984697, -0.01097]], "gaze_centre_in_pixels": [779, 594], "gaze_direction_in_world": [-0.559179590877575, -0.7806539648151222, -0.27910136575161665]}
{"frame_index": 83, "tracking_timestamp_ns": 29194265787, "slam_timestamp_ns": 29193508000, "gaze_timestamp_ns": 29094386000, "T_world_device": [[0.09682220675886644, 0.984389033104428, -0.14698194372803974, -0.43261000000000005], [0.04438473413039962, -0.1517992329215223, -0.9874142941342358, -0.38327500000000003], [-0.9943115485875225, 0.08907987644898674, -0.05838938223098622, -0.013865]], "gaze_centre_in_pixels": [779, 594], "gaze_direction_in_world": [-0.5474742669387188, -0.7894713828131007, -0.27750110406822387]}
{"frame_index": 84, "tracking_timestamp_ns": 29227593112, "slam_timestamp_ns": 29227458000, "gaze_timestamp_ns": 29294354000, "T_world_device": [[0.08974108597588915, 0.987794064500211, -0.1273162347307707, -0.45591600000000004], [0.049879129700525215, -0.1321290794210035, -0.9899767566926387, -0.38833400000000007], [-0.9947153411444835, 0.08249116625136721, -0.06112771533685035, -0.015826999999999997]], "gaze_centre_in_pixels": [776, 625], "gaze_direction_in_world": [-0.5732864066073919, -0.770776444046273, -0.27793231064877405]}
{"frame_index": 85, "tracking_timestamp_ns": 29260920450, "slam_timestamp_ns": 29261406000, "gaze_timestamp_ns": 29294354000, "T_world_device": [[0.0810265117566007, 0.9910898119525701, -0.10571513153932433, -0.480669], [0.05658034040533433, -0.11046652875667018, -0.9922680137463206, -0.393407], [-0.9951047027685951, 0.07441861775302538, -0.06502691642354841, -0.016171]], "gaze_centre_in_pixels": [776, 625], "gaze_direction_in_world": [-0.5580921874979947, -0.7820384654069203, -0.2773967355209724]}
{"frame_index": 86, "tracking_timestamp_ns": 29294247787, "slam_timestamp_ns": 29293403000, "gaze_timestamp_ns": 29294354000, "T_world_device": [[0.0725414586739278, 0.9938262343706672, -0.08394732068433336, -0.5051119999999999], [0.06415150235361611, -0.08864415999632391, -0.9939953710376723, -0.398256], [-0.9953001163062489, 0.06672052738974399, -0.0701858226823735, -0.014869]], "gaze_centre_in_pixels": [776, 625], "gaze_direction_in_world": [-0.5424403396538708, -0.7927350479331069, -0.2780820413020012]}
{"frame_index": 87, "tracking_timestamp_ns": 29327578825, "slam_timestamp_ns": 29327257000, "gaze_timestamp_ns": 29294354000, "T_world_device": [[0.06600869115591046, 0.9960273296272126, -0.059769652228930714, -0.530906], [0.0722629959450436, -0.06451483082142295, -0.9952968883811151, -0.403792], [-0.9951989309223207, 0.061379110776931756, -0.07623445842467103, -0.012606000000000001]], "gaze_centre_in_pixels": [776, 625], "gaze_direction_in_world": [-0.5241076704440866, -0.8040919190262322, -0.280619556585752]}
{"frame_index": 88, "tracking_timestamp_ns": 29360906162, "slam_timestamp_ns": 29361205000, "gaze_timestamp_ns": 29294354000, "T_world_device": [[0.06349928010072081, 0.9973662550268375, -0.03504846302523912, -0.55686], [0.0773943240614986, -0.03993495666102986, -0.9962004405939326, -0.409901], [-0.9949763615432047, 0.06054545870850281, -0.0797263281483791, -0.008589000000000001]], "gaze_centre_in_pixels": [776, 625], "gaze_direction_in_world": [-0.5041405235594747, -0.8158849093166411, -0.2831503968822137]}
{"frame_index": 89, "tracking_timestamp_ns": 29394233450, "slam_timestamp_ns": 29394153000, "gaze_timestamp_ns": 29294354000, "T_world_device": [[0.061508454210785324, 0.9980304390242709, -0.01232691533274416, -0.5815539999999999], [0.08082378039500343, -0.017290137708325215, -0.9965784302606027, -0.416633], [-0.9948287423387303, 0.060301690847338774, -0.08172808267475684, -0.004542000000000001]], "gaze_centre_in_pixels": [776, 625], "gaze_direction_in_world": [-0.4854535244198117, -0.8266040033606207, -0.28471160365636344]}
{"frame_index": 90, "tracking_timestamp_ns": 29427560787, "slam_timestamp_ns": 29427023000, "gaze_timestamp_ns": 29494322000, "T_world_device": [[0.061324531610919886, 0.9980957884671016, 0.006640697774780713, -0.605582], [0.0838351640372807, 0.0014789769317427037, -0.9964785386038566, -0.42430600000000007], [-0.994590854117181, 0.06166530362748618, -0.083584826583456, -0.001276]], "gaze_centre_in_pixels": [803, 822], "gaze_direction_in_world": [-0.706009254518804, -0.6246525389812508, -0.3337066647193002]}
{"frame_index": 91, "tracking_timestamp_ns": 29460888112, "slam_timestamp_ns": 29460970000, "gaze_timestamp_ns": 29494322000, "T_world_device": [[0.06556351237499536, 0.9976415352063227, 0.020317309768412117, -0.6298110000000001], [0.08844718589467682, 0.014470768440859039, -0.9959757487851015, -0.43353400000000003], [-0.9939207821312352, 0.06709667720463391, -0.0872898319148967, 0.000482]], "gaze_centre_in_pixels": [803, 822], "gaze_direction_in_world": [-0.6958475783212723, -0.6326725820715118, -0.33988461518489915]}
{"frame_index": 92, "tracking_timestamp_ns": 29494215450, "slam_timestamp_ns": 29493918000, "gaze_timestamp_ns": 29494322000, "T_world_device": [[0.07252494780324148, 0.9968911741728941, 0.030791537836326544, -0.6525460000000001], [0.09729427967965948, 0.023654069602195626, -0.9949745263738519, -0.44376899999999997], [-0.9926096690480872, 0.07515631608483297, -0.0952762985469282, 0.0009560000000000001]], "gaze_centre_in_pixels": [803, 822], "gaze_direction_in_world": [-0.6868953735262227, -0.6366047239772407, -0.35058404304550445]}
{"frame_index": 93, "tracking_timestamp_ns": 29527546487, "slam_timestamp_ns": 29527813000, "gaze_timestamp_ns": 29494322000, "T_world_device": [[0.08056285484908687, 0.995917289458303, 0.04072319948863823, -0.6747190000000002], [0.11119847273841516, 0.031620783932747254, -0.9932950345612941, -0.455517], [-0.9905273979447559, 0.08455104127983865, -0.1081970209353571, 0.00034300000000000004]], "gaze_centre_in_pixels": [803, 822], "gaze_direction_in_world": [-0.6778768616290572, -0.6380208119771579, -0.3652566275263848]}
{"frame_index": 94, "tracking_timestamp_ns": 29560873825, "slam_timestamp_ns": 29561713000, "gaze_timestamp_ns": 29494322000, "T_world_device": [[0.08806698353804165, 0.9948955666799588, 0.049264772516215916, -0.695814], [0.12400050280828206, 0.03812270820589059, -0.9915495622621908, -0.468391], [-0.9883663701855725, 0.0934316355396434, -0.12001019859405204, -0.000786]], "gaze_centre_in_pixels": [803, 822], "gaze_direction_in_world": [-0.6698472309059103, -0.6385909900875132, -0.37882216754927867]}
{"frame_index": 95, "tracking_timestamp_ns": 29594201162, "slam_timestamp_ns": 29594295000, "gaze_timestamp_ns": 29494322000, "T_world_device": [[0.09250689654342659, 0.9941492261682218, 0.05576549292376026, -0.7150750000000001], [0.13320749179073255, 0.04314594861523324, -0.9901485702907994, -0.48181300000000005], [-0.9867614900383608, 0.09902395279536103, -0.12843682707874926, -0.0022510000000000004]], "gaze_centre_in_pixels": [803, 822], "gaze_direction_in_world": [-0.6640591493537769, -0.6391590987854248, -0.3879447030175071]}
{"frame_index": 96, "tracking_timestamp_ns": 29627528487, "slam_timestamp_ns": 29626582000, "gaze_timestamp_ns": 29694290000, "T_world_device": [[0.09400834080825127, 0.9937337522194336, 0.060462067102975525, -0.733538], [0.14065211327516208, 0.04686511329456444, -0.9889492626960791, -0.495485], [-0.9855858231984217, 0.10147359684061985, -0.13536504073990674, -0.004668]], "gaze_centre_in_pixels": [793, 827], "gaze_direction_in_world": [-0.6703660023499118, -0.6378674158481615, -0.37912343991447767]}
{"frame_index": 97, "tracking_timestamp_ns": 29660855825, "slam_timestamp_ns": 29660529000, "gaze_timestamp_ns": 29694290000, "T_world_device": [[0.09361695485305577, 0.993529248121034, 0.06430784471659617, -0.7520640000000001], [0.14838006991351232, 0.04994712379282695, -0.9876682842317481, -0.510968], [-0.9844893197066702, 0.10200449966975444, -0.14274404166416543, -0.008104]], "gaze_centre_in_pixels": [793, 827], "gaze_direction_in_world": [-0.6678347761463443, -0.6376020905069402, -0.38400558062447715]}
{"frame_index": 98, "tracking_timestamp_ns": 29694186862, "slam_timestamp_ns": 29693485000, "gaze_timestamp_ns": 29694290000, "T_world_device": [[0.09240541416443482, 0.9934387696553288, 0.0673843481737848, -0.769174], [0.1564367620785465, 0.05234903334596186, -0.9862997101176314, -0.52701], [-0.9833558760202126, 0.10168082244676219, -0.15057301034073323, -0.01226]], "gaze_centre_in_pixels": [793, 827], "gaze_direction_in_world": [-0.6660620664152703, -0.6367083839236675, -0.3885405481078283]}
{"frame_index": 99, "tracking_timestamp_ns": 29727514200, "slam_timestamp_ns": 29728388000, "gaze_timestamp_ns": 29794274000, "T_world_device": [[0.0914324163406478, 0.9934316634393753, 0.06880147758722965, -0.785873], [0.16363777074529728, 0.053162835601703096, -0.9850869976282783, -0.54583], [-0.9822742963284847, 0.10132740491526421, -0.1577021362744273, -0.016808]], "gaze_centre_in_pixels": [756, 773], "gaze_direction_in_world": [-0.6161762650944138, -0.7100033883322134, -0.34091347713323833]}
{"frame_index": 100, "tracking_timestamp_ns": 29760841537, "slam_timestamp_ns": 29761339000, "gaze_timestamp_ns": 29794274000, "T_world_device": [[0.09085497652316465, 0.993574238534034, 0.06749522770158756, -0.800656], [0.1675209395138133, 0.051561561764426056, -0.9845192431704026, -0.5647470000000001], [-0.9816731167070759, 0.10075533668211928, -0.16175986543233822, -0.021331000000000003]], "gaze_centre_in_pixels": [756, 773], "gaze_direction_in_world": [-0.6172960543375063, -0.7078734684264201, -0.34330851139652313]}
{"frame_index": 101, "tracking_timestamp_ns": 29794168825, "slam_timestamp_ns": 29794263000, "gaze_timestamp_ns": 29794274000, "T_world_device": [[0.08955573624725244, 0.9939172102318901, 0.0640964063740656, -0.814304], [0.16863690983715313, 0.04829391442077602, -0.9844944339459186, -0.5849159999999999], [-0.9816014276404597, 0.09897614376593766, -0.1632861299052557, -0.025807]], "gaze_centre_in_pixels": [756, 773], "gaze_direction_in_world": [-0.6201575485274052, -0.705438219213341, -0.34316400434426275]}
{"frame_index": 102, "tracking_timestamp_ns": 29827496162, "slam_timestamp_ns": 29827254000, "gaze_timestamp_ns": 29794274000, "T_world_device": [[0.0873867520807925, 0.9944780099133739, 0.05811233397055798, -0.8270750000000001], [0.16850637296589527, 0.0427382679664039, -0.9847735997279328, -0.6065980000000001], [-0.9818193101740507, 0.0958484650370961, -0.1638411240177018, -0.030514]], "gaze_centre_in_pixels": [756, 773], "gaze_direction_in_world": [-0.6251468852756505, -0.7018554500576138, -0.34145321649470056]}
{"frame_index": 103, "tracking_timestamp_ns": 29860823487, "slam_timestamp_ns": 29860156000, "gaze_timestamp_ns": 29794274000, "T_world_device": [[0.0836364335776365, 0.9952659420386512, 0.049504056362381865, -0.8389150000000001], [0.16661412080583488, 0.035012053741189986, -0.9854003708345775, -0.6298290000000002], [-0.9824686670456786, 0.09066344748982541, -0.1628970765936193, -0.034642000000000006]], "gaze_centre_in_pixels": [756, 773], "gaze_direction_in_world": [-0.6324136464783512, -0.6973201882554297, -0.33733890199525957]}
