{"frame_index": 0, "tracking_timestamp_ns": 27474382862, "slam_timestamp_ns": null, "gaze_timestamp_ns": null, "T_world_device": null, "gaze_centre_in_pixels": null, "gaze_direction_in_world": null}
{"frame_index": 1, "tracking_timestamp_ns": 27508443775, "slam_timestamp_ns": null, "gaze_timestamp_ns": null, "T_world_device": null, "gaze_centre_in_pixels": null, "gaze_direction_in_world": null}
{"frame_index": 2, "tracking_timestamp_ns": 27541771112, "slam_timestamp_ns": null, "gaze_timestamp_ns": null, "T_world_device": null, "gaze_centre_in_pixels": null, "gaze_direction_in_world": null}
{"frame_index": 3, "tracking_timestamp_ns": 27575092362, "slam_timestamp_ns": null, "gaze_timestamp_ns": null, "T_world_device": null, "gaze_centre_in_pixels": null, "gaze_direction_in_world": null}
{"frame_index": 4, "tracking_timestamp_ns": 27608423400, "slam_timestamp_ns": null, "gaze_timestamp_ns": null, "T_world_device": null, "gaze_centre_in_pixels": null, "gaze_direction_in_world": null}
{"frame_index": 5, "tracking_timestamp_ns": 27641750737, "slam_timestamp_ns": null, "gaze_timestamp_ns": null, "T_world_device": null, "gaze_centre_in_pixels": null, "gaze_direction_in_world": null}
{"frame_index": 6, "tracking_timestamp_ns": 27675078062, "slam_timestamp_ns": null, "gaze_timestamp_ns": null, "T_world_device": null, "gaze_centre_in_pixels": null, "gaze_direction_in_world": null}
{"frame_index": 7, "tracking_timestamp_ns": 27708405400, "slam_timestamp_ns": null, "gaze_timestamp_ns": null, "T_world_device": null, "gaze_centre_in_pixels": null, "gaze_direction_in_world": null}
{"frame_index": 8, "tracking_timestamp_ns": 27741732687, "slam_timestamp_ns": null, "gaze_timestamp_ns": null, "T_world_device": null, "gaze_centre_in_pixels": null, "gaze_direction_in_world": null}
{"frame_index": 9, "tracking_timestamp_ns": 27775060025, "slam_timestamp_ns": null, "gaze_timestamp_ns": null, "T_world_device": null, "gaze_centre_in_pixels": null, "gaze_direction_in_world": null}
{"frame_index": 10, "tracking_timestamp_ns": 27808391112, "slam_timestamp_ns": null, "gaze_timestamp_ns": null, "T_world_device": null, "gaze_centre_in_pixels": null, "gaze_direction_in_world": null}
{"frame_index": 11, "tracking_timestamp_ns": 27841718400, "slam_timestamp_ns": null, "gaze_timestamp_ns": null, "T_world_device": null, "gaze_centre_in_pixels": null, "gaze_direction_in_world": null}
{"frame_index": 12, "tracking_timestamp_ns": 27875045737, "slam_timestamp_ns": null, "gaze_timestamp_ns": null, "T_world_device": null, "gaze_centre_in_pixels": null, "gaze_direction_in_world": null}
{"frame_index": 13, "tracking_timestamp_ns": 27908373062, "slam_timestamp_ns": null, "gaze_timestamp_ns": null, "T_world_device": null, "gaze_centre_in_pixels": null, "gaze_direction_in_world": null}
{"frame_index": 14, "tracking_timestamp_ns": 27941700400, "slam_timestamp_ns": null, "gaze_timestamp_ns": null, "T_world_device": null, "gaze_centre_in_pixels": null, "gaze_direction_in_world": null}
{"frame_index": 15, "tracking_timestamp_ns": 27975031437, "slam_timestamp_ns": null, "gaze_timestamp_ns": null, "T_world_device": null, "gaze_centre_in_pixels": null, "gaze_direction_in_world": null}
{"frame_index": 16, "tracking_timestamp_ns": 28008358775, "slam_timestamp_ns": null, "gaze_timestamp_ns": null, "T_world_device": null, "gaze_centre_in_pixels": null, "gaze_direction_in_world": null}
{"frame_index": 17, "tracking_timestamp_ns": 28041686112, "slam_timestamp_ns": null, "gaze_timestamp_ns": null, "T_world_device": null, "gaze_centre_in_pixels": null, "gaze_direction_in_world": null}
{"frame_index": 18, "tracking_timestamp_ns": 28075013437, "slam_timestamp_ns": null, "gaze_timestamp_ns": null, "T_world_device": null, "gaze_centre_in_pixels": null, "gaze_direction_in_world": null}
{"frame_index": 19, "tracking_timestamp_ns": 28108340775, "slam_timestamp_ns": null, "gaze_timestamp_ns": null, "T_world_device": null, "gaze_centre_in_pixels": null, "gaze_direction_in_world": null}
{"frame_index": 20, "tracking_timestamp_ns": 28141668062, "slam_timestamp_ns": null, "gaze_timestamp_ns": null, "T_world_device": null, "gaze_centre_in_pixels": null, "gaze_direction_in_world": null}
{"frame_index": 21, "tracking_timestamp_ns": 28174999150, "slam_timestamp_ns": null, "gaze_timestamp_ns": null, "T_world_device": null, "gaze_centre_in_pixels": null, "gaze_direction_in_world": null}
{"frame_index": 22, "tracking_timestamp_ns": 28208326487, "slam_timestamp_ns": null, "gaze_timestamp_ns": null, "T_world_device": null, "gaze_centre_in_pixels": null, "gaze_direction_in_world": null}
{"frame_index": 23, "tracking_timestamp_ns": 28241653775, "slam_timestamp_ns": null, "gaze_timestamp_ns": null, "T_world_device": null, "gaze_centre_in_pixels": null, "gaze_direction_in_world": null}
{"frame_index": 24, "tracking_timestamp_ns": 28274981112, "slam_timestamp_ns": null, "gaze_timestamp_ns": null, "T_world_device": null, "gaze_centre_in_pixels": null, "gaze_direction_in_world": null}
{"frame_index": 25, "tracking_timestamp_ns": 28308308437, "slam_timestamp_ns": null, "gaze_timestamp_ns": null, "T_world_device": null, "gaze_centre_in_pixels": null, "gaze_direction_in_world": null}
{"frame_index": 26, "tracking_timestamp_ns": 28341639487, "slam_timestamp_ns": null, "gaze_timestamp_ns": null, "T_world_device": null, "gaze_centre_in_pixels": null, "gaze_direction_in_world": null}
{"frame_index": 27, "tracking_timestamp_ns": 28374966812, "slam_timestamp_ns": null, "gaze_timestamp_ns": null, "T_world_device": null, "gaze_centre_in_pixels": null, "gaze_direction_in_world": null}
{"frame_index": 28, "tracking_timestamp_ns": 28408294150, "slam_timestamp_ns": null, "gaze_timestamp_ns": null, "T_world_device": null, "gaze_centre_in_pixels": null, "gaze_direction_in_world": null}
{"frame_index": 29, "tracking_timestamp_ns": 28441621487, "slam_timestamp_ns": null, "gaze_timestamp_ns": null, "T_world_device": null, "gaze_centre_in_pixels": null, "gaze_direction_in_world": null}
{"frame_index": 30, "tracking_timestamp_ns": 28474948812, "slam_timestamp_ns": null, "gaze_timestamp_ns": null, "T_world_device": null, "gaze_centre_in_pixels": null, "gaze_direction_in_world": null}
{"frame_index": 31, "tracking_timestamp_ns": 28508276150, "slam_timestamp_ns": null, "gaze_timestamp_ns": null, "T_world_device": null, "gaze_centre_in_pixels": null, "gaze_direction_in_world": null}
{"frame_index": 32, "tracking_timestamp_ns": 28541607187, "slam_timestamp_ns": null, "gaze_timestamp_ns": null, "T_world_device": null, "gaze_centre_in_pixels": null, "gaze_direction_in_world": null}
{"frame_index": 33, "tracking_timestamp_ns": 28574934525, "slam_timestamp_ns": null, "gaze_timestamp_ns": null, "T_world_device": null, "gaze_centre_in_pixels": null, "gaze_direction_in_world": null}
{"frame_index": 34, "tracking_timestamp_ns": 28608261862, "slam_timestamp_ns": null, "gaze_timestamp_ns": null, "T_world_device": null, "gaze_centre_in_pixels": null, "gaze_direction_in_world": null}
{"frame_index": 35, "tracking_timestamp_ns": 28641589150, "slam_timestamp_ns": null, "gaze_timestamp_ns": null, "T_world_device": null, "gaze_centre_in_pixels": null, "gaze_direction_in_world": null}
{"frame_index": 36, "tracking_timestamp_ns": 28674916487, "slam_timestamp_ns": null, "gaze_timestamp_ns": null, "T_world_device": null, "gaze_centre_in_pixels": null, "gaze_direction_in_world": null}
{"frame_index": 37, "tracking_timestamp_ns": 28708247525, "slam_timestamp_ns": null, "gaze_timestamp_ns": null, "T_world_device": null, "gaze_centre_in_pixels": null, "gaze_direction_in_world": null}
{"frame_index": 38, "tracking_timestamp_ns": 28741574862, "slam_timestamp_ns": null, "gaze_timestamp_ns": null, "T_world_device": null, "gaze_centre_in_pixels": null, "gaze_direction_in_world": null}
{"frame_index": 39, "tracking_timestamp_ns": 28774902187, "slam_timestamp_ns": null, "gaze_timestamp_ns": null, "T_world_device": null, "gaze_centre_in_pixels": null, "gaze_direction_in_world": null}
{"frame_index": 40, "tracking_timestamp_ns": 28808229525, "slam_timestamp_ns": null, "gaze_timestamp_ns": null, "T_world_device": null, "gaze_centre_in_pixels": null, "gaze_direction_in_world": null}
{"frame_index": 41, "tracking_timestamp_ns": 28841556862, "slam_timestamp_ns": null, "gaze_timestamp_ns": null, "T_world_device": null, "gaze_centre_in_pixels": null, "gaze_direction_in_world": null}
{"frame_index": 42, "tracking_timestamp_ns": 28874884187, "slam_timestamp_ns": null, "gaze_timestamp_ns": null, "T_world_device": null, "gaze_centre_in_pixels": null, "gaze_direction_in_world": null}
{"frame_index": 43, "tracking_timestamp_ns": 28908215237, "slam_timestamp_ns": null, "gaze_timestamp_ns": null, "T_world_device": null, "gaze_centre_in_pixels": null, "gaze_direction_in_world": null}
{"frame_index": 44, "tracking_timestamp_ns": 28941542562, "slam_timestamp_ns": null, "gaze_timestamp_ns": null, "T_world_device": null, "gaze_centre_in_pixels": null, "gaze_direction_in_world": null}
{"frame_index": 45, "tracking_timestamp_ns": 28974869900, "slam_timestamp_ns": 28975433000, "gaze_timestamp_ns": 29041631000, "T_world_device": [[-0.06735467819134855, 0.9740701362059392, -0.2159877706664965, -0.035193], [-0.03145327463792169, -0.21844477412324048, -0.9753422846225823, -0.25119899999999995], [-0.9972331918063555, -0.05890034303796293, 0.04535097297433577, 0.019784000000000003]], "gaze_centre_in_pixels": [824, 704], "gaze_direction_in_world": [-0.7504465714423819, -0.6306964770935186, -0.1976155287223121]}
{"frame_index": 46, "tracking_timestamp_ns": 29008197237, "slam_timestamp_ns": 29007386000, "gaze_timestamp_ns": 29041631000, "T_world_device": [[-0.05620647316365668, 0.9711551151079725, -0.2317295293529158, -0.041003000000000005], [-0.04793439841921948, -0.23445359211915662, -0.9709448010008662, -0.256559], [-0.9972678305363563, -0.04346556731534623, 0.0597295457480167, 0.020866]], "gaze_centre_in_pixels": [824, 704], "gaze_direction_in_world": [-0.7578635765169139, -0.6224155981380243, -0.19555465369936165]}
{"frame_index": 47, "tracking_timestamp_ns": 29041524525, "slam_timestamp_ns": 29041619000, "gaze_timestamp_ns": 29041631000, "T_world_device": [[-0.04920575498886581, 0.9678821334402342, -0.2465420236859347, -0.04807], [-0.06222333797725732, -0.24933215523647223, -0.9664169558612385, -0.262021], [-0.996848559153768, -0.032212608281787125, 0.07249343405261255, 0.021248]], "gaze_centre_in_pixels": [824, 704], "gaze_direction_in_world": [-0.7654677293554635, -0.6141055902422343, -0.1921808506293689]}
{"frame_index": 48, "tracking_timestamp_ns": 29074855612, "slam_timestamp_ns": 29074253000, "gaze_timestamp_ns": 29041631000, "T_world_device": [[-0.04433438819803115, 0.9653833864332129, -0.2570396452336652, -0.055501], [-0.07168500302220232, -0.25970352979366407, -0.9630240583466325, -0.266921], [-0.9964415298274221, -0.024269194701381835, 0.08071730808032007, 0.021219]], "gaze_centre_in_pixels": [824, 704], "gaze_direction_in_world": [-0.770776670127862, -0.6079977339663709, -0.19037352830255355]}
{"frame_index": 49, "tracking_timestamp_ns": 29108182937, "slam_timestamp_ns": 29109202000, "gaze_timestamp_ns": 29041631000, "T_world_device": [[-0.03934514280152279, 0.9637603984440946, -0.26385195494596536, -0.06449300000000001], [-0.0764886299550605, -0.2661865439009401, -0.9608819976113978, -0.271832], [-0.9962938568642915, -0.01762436486665181, 0.08418986006355855, 0.02124]], "gaze_centre_in_pixels": [824, 704], "gaze_direction_in_world": [-0.7737320889450436, -0.6038664308156529, -0.1915306457742553]}
{"frame_index": 50, "tracking_timestamp_ns": 29141510237, "slam_timestamp_ns": 29141603000, "gaze_timestamp_ns": 29041631000, "T_world_device": [[-0.035379830732976236, 0.963021902117156, -0.26709002905380164, -0.07412000000000002], [-0.07739660559406086, -0.26909500052127466, -0.9599987740288904, -0.275955], [-0.9963724369028999, -0.013292732492223458, 0.08405516190613671, 0.021089]], "gaze_centre_in_pixels": [824, 704], "gaze_direction_in_world": [-0.7747297813068211, -0.6017392292090924, -0.19417431855714748]}
{"frame_index": 51, "tracking_timestamp_ns": 29174837562, "slam_timestamp_ns": 29175108000, "gaze_timestamp_ns": 29241599000, "T_world_device": [[-0.031217973917055497, 0.9630779448858242, -0.267406638247841, -0.08526800000000001], [-0.07781249663919082, -0.26906681542933875, -0.9599730538934366, -0.279292], [-0.9964791284674708, -0.0091608356175637, 0.08333922017572493, 0.020321000000000002]], "gaze_centre_in_pixels": [813, 706], "gaze_direction_in_world": [-0.7795819144449583, -0.5997561852797827, -0.18040110002152632]}
{"frame_index": 52, "tracking_timestamp_ns": 29208164900, "slam_timestamp_ns": 29209105000, "gaze_timestamp_ns": 29241599000, "T_world_device": [[-0.02519965766741583, 0.963395643556352, -0.2668966302336677, -0.09813600000000001], [-0.07965357488196328, -0.2680675660735141, -0.9601016029712404, -0.28224], [-0.9965040317339255, -0.0029349609987512904, 0.08349311793176306, 0.018817]], "gaze_centre_in_pixels": [813, 706], "gaze_direction_in_world": [-0.7778671384746814, -0.600904082389294, -0.18394835864745163]}
{"frame_index": 53, "tracking_timestamp_ns": 29241492237, "slam_timestamp_ns": 29241587000, "gaze_timestamp_ns": 29241599000, "T_world_device": [[-0.01741188036546948, 0.9634224438572025, -0.2674210558171405, -0.112038], [-0.08233251351166831, -0.2679348183537258, -0.9599126472406785, -0.284683], [-0.9964528005083783, 0.005303563516313559, 0.08398624037923641, 0.016661000000000002]], "gaze_centre_in_pixels": [813, 706], "gaze_direction_in_world": [-0.7763333169251214, -0.6015085678164505, -0.18839857715875044]}
{"frame_index": 54, "tracking_timestamp_ns": 29274823275, "slam_timestamp_ns": 29274029000, "gaze_timestamp_ns": 29241599000, "T_world_device": [[-0.008643858184381514, 0.9634896765115363, -0.267605917295159, -0.12798400000000001], [-0.08450579622011312, -0.2673624175540137, -0.9598833825443995, -0.28801400000000005], [-0.9963854947362958, 0.014317155281982796, 0.08373150508463689, 0.014405]], "gaze_centre_in_pixels": [813, 706], "gaze_direction_in_world": [-0.7743162567910131, -0.6023674957906899, -0.19387556443246515]}
{"frame_index": 55, "tracking_timestamp_ns": 29308150612, "slam_timestamp_ns": 29307932000, "gaze_timestamp_ns": 29241599000, "T_world_device": [[0.0009350216599880445, 0.9637535101175707, -0.2667926113492604, -0.14598200000000003], [-0.08581388446994809, -0.2657312485094616, -0.9602202251555536, -0.291262], [-0.9963107461864869, 0.023792337036640465, 0.08245496790164364, 0.011423999999999998]], "gaze_centre_in_pixels": [813, 706], "gaze_direction_in_world": [-0.77144364198373, -0.6039133736898381, -0.2004079447562805]}
{"frame_index": 56, "tracking_timestamp_ns": 29341477937, "slam_timestamp_ns": 29341571000, "gaze_timestamp_ns": 29241599000, "T_world_device": [[0.008539057396793837, 0.9645533129909851, -0.263749864259471, -0.16509900000000002], [-0.08566951929910488, -0.2620840688051298, -0.9612349735322829, -0.29430000000000006], [-0.996287015855288, 0.03080336469711098, 0.08039486775598437, 0.007945]], "gaze_centre_in_pixels": [813, 706], "gaze_direction_in_world": [-0.7676664458290979, -0.6068014024600361, -0.20610746206931488]}
{"frame_index": 57, "tracking_timestamp_ns": 29374805275, "slam_timestamp_ns": 29373911000, "gaze_timestamp_ns": 29441567000, "T_world_device": [[0.014637874649825466, 0.9661495864749163, -0.2575669023381778, -0.184642], [-0.08443394540710902, -0.25548010112451336, -0.963120359452752, -0.297149], [-0.9963215552665342, 0.03584542486506426, 0.07783613574373849, 0.004246]], "gaze_centre_in_pixels": [821, 568], "gaze_direction_in_world": [-0.6095831509108098, -0.7686604486496981, -0.1938285242354532]}
{"frame_index": 58, "tracking_timestamp_ns": 29408132612, "slam_timestamp_ns": 29408860000, "gaze_timestamp_ns": 29441567000, "T_world_device": [[0.019128216728330316, 0.9686412973800913, -0.24772595409970327, -0.20698500000000003], [-0.0830879191847394, -0.24537418596905436, -0.9658612253039123, -0.29985300000000004], [-0.996358624698128, 0.03905823690130278, 0.07578881922696401, 0.00012]], "gaze_centre_in_pixels": [821, 568], "gaze_direction_in_world": [-0.6007781010465107, -0.7747807518807752, -0.19692754966740664]}
{"frame_index": 59, "tracking_timestamp_ns": 29441463650, "slam_timestamp_ns": 29440766000, "gaze_timestamp_ns": 29441567000, "T_world_device": [[0.019850324836768962, 0.9718804191456449, -0.23463677351421325, -0.228335], [-0.08198045139603388, -0.2323105432317054, -0.9691805905466186, -0.30196200000000006], [-0.9964362348854929, 0.03847417815464621, 0.0750637557183711, -0.0034620000000000002]], "gaze_centre_in_pixels": [821, 568], "gaze_direction_in_world": [-0.5903445974481517, -0.7826525185247687, -0.19735321510078416]}
{"frame_index": 60, "tracking_timestamp_ns": 29474790987, "slam_timestamp_ns": 29474748000, "gaze_timestamp_ns": 29541551000, "T_world_device": [[0.019214591961765337, 0.9759657373647528, -0.21707528405098886, -0.25223999999999996], [-0.0809908856670829, -0.21488247968549024, -0.9732759096798176, -0.30364800000000003], [-0.9965296161653223, 0.03628221898243694, 0.07491545028300983, -0.0069359999999999995]], "gaze_centre_in_pixels": [824, 596], "gaze_direction_in_world": [-0.6083749519389853, -0.7660205875453322, -0.2075870355054513]}
{"frame_index": 61, "tracking_timestamp_ns": 29508118312, "slam_timestamp_ns": 29508745000, "gaze_timestamp_ns": 29541551000, "T_world_device": [[0.017755733285095943, 0.9803945597130952, -0.19624281189504666, -0.277155], [-0.07878875164351484, -0.19429145385542945, -0.9777745975291035, -0.305039], [-0.9967331972749603, 0.03282283113489265, 0.07379427624365764, -0.009431]], "gaze_centre_in_pixels": [824, 596], "gaze_direction_in_world": [-0.5927253128317481, -0.778324001389075, -0.20709527370320538]}
{"frame_index": 62, "tracking_timestamp_ns": 29541445612, "slam_timestamp_ns": 29541539000, "gaze_timestamp_ns": 29541551000, "T_world_device": [[0.012922310184734331, 0.985031579160162, -0.17188892331016298, -0.30209], [-0.07429727982240925, -0.17048220080498622, -0.9825557151732818, -0.30635000000000007], [-0.997152409669896, 0.025467769158800557, 0.07098214299099392, -0.009607000000000001]], "gaze_centre_in_pixels": [824, 596], "gaze_direction_in_world": [-0.5749989107859255, -0.7916873657292249, -0.2064155215571734]}
{"frame_index": 63, "tracking_timestamp_ns": 29574772937, "slam_timestamp_ns": 29575534000, "gaze_timestamp_ns": 29541551000, "T_world_device": [[0.007275511131579537, 0.9891794425297571, -0.14653019284193092, -0.32890100000000005], [-0.06698765209964797, -0.1457227882127583, -0.9870549748933322, -0.30796500000000004], [-0.9977272780694888, 0.016997043037507098, 0.06520260059254013, -0.007884]], "gaze_centre_in_pixels": [824, 596], "gaze_direction_in_world": [-0.5564018834259636, -0.8044977879908073, -0.20784670610317216]}
{"frame_index": 64, "tracking_timestamp_ns": 29608100275, "slam_timestamp_ns": 29608533000, "gaze_timestamp_ns": 29541551000, "T_world_device": [[0.006918451855882912, 0.9919834495758163, -0.12617832932632034, -0.35623], [-0.05808779861348767, -0.12556960399090134, -0.9903827957945386, -0.30964200000000003], [-0.9982875050185473, 0.014181337074892664, 0.05675338758709958, -0.0038580000000000003]], "gaze_centre_in_pixels": [824, 596], "gaze_direction_in_world": [-0.5401736310451402, -0.8138778745762001, -0.21404498031683888]}
{"frame_index": 65, "tracking_timestamp_ns": 29641431312, "slam_timestamp_ns": 29640439000, "gaze_timestamp_ns": 29541551000, "T_world_device": [[0.008455221365863297, 0.9940273094894809, -0.1088035717279448, -0.383137], [-0.0492398473085261, -0.10826158965677557, -0.9929022437491118, -0.31162400000000007], [-0.9987511935756008, 0.013752679524067335, 0.04803037723379888, 0.0011270000000000002]], "gaze_centre_in_pixels": [824, 596], "gaze_direction_in_world": [-0.5256927582480141, -0.8213320144764332, -0.22149683050030106]}
{"frame_index": 66, "tracking_timestamp_ns": 29674758650, "slam_timestamp_ns": 29675471000, "gaze_timestamp_ns": 29741519000, "T_world_device": [[0.013156944289655303, 0.995817017146158, -0.0904177149627613, -0.412335], [-0.04106837153394721, -0.08981107288181667, -0.9951117324438328, -0.31405600000000006], [-0.9990697091176913, 0.016805937937087012, 0.039714943957485316, 0.006687]], "gaze_centre_in_pixels": [800, 638], "gaze_direction_in_world": [-0.571319246147544, -0.795915581618078, -0.20028156659802362]}
{"frame_index": 67, "tracking_timestamp_ns": 29708085987, "slam_timestamp_ns": 29708470000, "gaze_timestamp_ns": 29741519000, "T_world_device": [[0.018926531829324356, 0.9971629456851756, -0.07285496651140022, -0.43883300000000003], [-0.03532122060902815, -0.07215568321114763, -0.9967677606920384, -0.31734200000000007], [-0.9991967762996445, 0.021438683093794708, 0.033855355552732, 0.010482]], "gaze_centre_in_pixels": [800, 638], "gaze_direction_in_world": [-0.5560159335592766, -0.8048469910737684, -0.2075273538300612]}
{"frame_index": 68, "tracking_timestamp_ns": 29741413312, "slam_timestamp_ns": 29741507000, "gaze_timestamp_ns": 29741519000, "T_world_device": [[0.02440298889371939, 0.9982537741536668, -0.05379494884292796, -0.464004], [-0.03133987697431245, -0.053020619024741755, -0.998101510904311, -0.32178100000000004], [-0.999210841736762, 0.026042587163979336, 0.029991288893919887, 0.012709999999999999]], "gaze_centre_in_pixels": [800, 638], "gaze_direction_in_world": [-0.5393995855870924, -0.8146478796680816, -0.21306552799730794]}
{"frame_index": 69, "tracking_timestamp_ns": 29774740650, "slam_timestamp_ns": 29774420000, "gaze_timestamp_ns": 29741519000, "T_world_device": [[0.031173834956680246, 0.9989498688406155, -0.033576056311161784, -0.48778400000000005], [-0.02910485228763332, -0.03267089943548962, -0.9990423013583514, -0.3273650000000001], [-0.9990901358673343, 0.03212120597662471, 0.028055811148468668, 0.014087]], "gaze_centre_in_pixels": [800, 638], "gaze_direction_in_world": [-0.5213254643042669, -0.8251220615471366, -0.2177001236015817]}
{"frame_index": 70, "tracking_timestamp_ns": 29808067987, "slam_timestamp_ns": 29808418000, "gaze_timestamp_ns": 29741519000, "T_world_device": [[0.03998298545321166, 0.9991200567508025, -0.012667796671938236, -0.5109619999999999], [-0.025363356727790165, -0.011659016680347634, -0.9996103078027689, -0.33443100000000003], [-0.998878401513291, 0.040288702241704055, 0.024874876118931355, 0.014796]], "gaze_centre_in_pixels": [800, 638], "gaze_direction_in_world": [-0.5019526789741341, -0.8352769617227327, -0.22440121498318694]}
{"frame_index": 71, "tracking_timestamp_ns": 29841399025, "slam_timestamp_ns": 29841323000, "gaze_timestamp_ns": 29741519000, "T_world_device": [[0.0466146199545302, 0.9989013815175394, 0.004806995823399274, -0.532371], [-0.02044445114076504, 0.0057652553459122124, -0.9997743676692006, -0.342493], [-0.9987037106289572, 0.04650582579793544, 0.0206907356757684, 0.01468]], "gaze_centre_in_pixels": [800, 638], "gaze_direction_in_world": [-0.48574510990897074, -0.8430323194271477, -0.23097228535217268]}
{"frame_index": 72, "tracking_timestamp_ns": 29874726362, "slam_timestamp_ns": 29875286000, "gaze_timestamp_ns": 29941487000, "T_world_device": [[0.049667362722285224, 0.9986150884918225, 0.01735102638701036, -0.5539210000000001], [-0.015549130021969337, 0.018143483696397622, -0.9997144785162004, -0.35231200000000007], [-0.99864477049438, 0.04938338825787819, 0.01642873483865448, 0.013704000000000001]], "gaze_centre_in_pixels": [831, 788], "gaze_direction_in_world": [-0.6545957794168574, -0.6933103971536778, -0.3013719608195931]}
{"frame_index": 73, "tracking_timestamp_ns": 29908053687, "slam_timestamp_ns": 29907240000, "gaze_timestamp_ns": 29941487000, "T_world_device": [[0.05014005772390906, 0.9984382380972461, 0.02463857375559636, -0.5736190000000001], [-0.010370195380415836, 0.02518873198311744, -0.9996289245659384, -0.362741], [-0.9986883566254365, 0.04986594515648507, 0.011616964079972147, 0.011874000000000001]], "gaze_centre_in_pixels": [831, 788], "gaze_direction_in_world": [-0.649411089435785, -0.6966052487127009, -0.30496944827923816]}
{"frame_index": 74, "tracking_timestamp_ns": 29941380987, "slam_timestamp_ns": 29941475000, "gaze_timestamp_ns": 29941487000, "T_world_device": [[0.04829474873869377, 0.9984058263758738, 0.029213406220006732, -0.594089], [-0.0032194388708980393, 0.02940297946491488, -0.9995624542828438, -0.375265], [-0.9988279393657464, 0.048179566802686036, 0.00463431603179254, 0.008787]], "gaze_centre_in_pixels": [831, 788], "gaze_direction_in_world": [-0.6468080191730494, -0.6974340814843908, -0.30858562558463437]}
{"frame_index": 75, "tracking_timestamp_ns": 29974708312, "slam_timestamp_ns": 29975123000, "gaze_timestamp_ns": 29941487000, "T_world_device": [[0.045496057929747424, 0.9984487367904029, 0.032097176114134485, -0.6137490000000002], [0.004289553954598013, 0.03193489116690729, -0.9994807464143711, -0.38960500000000003], [-0.9989553085297278, 0.04561011650726715, -0.002829988068852929, 0.006114]], "gaze_centre_in_pixels": [831, 788], "gaze_direction_in_world": [-0.6456669860951497, -0.6970066456199954, -0.3119228735254408]}
{"frame_index": 76, "tracking_timestamp_ns": 30008039362, "slam_timestamp_ns": 30007077000, "gaze_timestamp_ns": 29941487000, "T_world_device": [[0.04307478951583721, 0.9985371557237475, 0.03268196975849175, -0.6317110000000001], [0.011244970877763383, 0.03222569428553246, -0.9994173578929744, -0.40462400000000004], [-0.9990085650974794, 0.04341720012787609, -0.009840406238127208, 0.0027140000000000003]], "gaze_centre_in_pixels": [831, 788], "gaze_direction_in_world": [-0.6460075177168648, -0.6952196509008625, -0.315188711813379]}
{"frame_index": 77, "tracking_timestamp_ns": 30041366687, "slam_timestamp_ns": 30041459000, "gaze_timestamp_ns": 29941487000, "T_world_device": [[0.04394218402555339, 0.9986210489325148, 0.028724294455887867, -0.6504920000000001], [0.01785139717667239, 0.027962613106083944, -0.9994495584506107, -0.422232], [-0.9988745727477026, 0.04443076521064665, -0.01659804268253673, -0.0018340000000000001]], "gaze_centre_in_pixels": [831, 788], "gaze_direction_in_world": [-0.6485010254781218, -0.6904929173926789, -0.32041527894963356]}
{"frame_index": 78, "tracking_timestamp_ns": 30074694025, "slam_timestamp_ns": 30074020000, "gaze_timestamp_ns": 30141455000, "T_world_device": [[0.047987354786347636, 0.9986517744437801, 0.019795130231924196, -0.6677570000000002], [0.023568239831197713, 0.01868038454947052, -0.9995476883592613, -0.4399080000000001], [-0.998569853266094, 0.04843218592396531, -0.022640042287021434, -0.007613]], "gaze_centre_in_pixels": [811, 766], "gaze_direction_in_world": [-0.6349666712884212, -0.7135882152199954, -0.295988488715429]}
{"frame_index": 79, "tracking_timestamp_ns": 30108021362, "slam_timestamp_ns": 30108018000, "gaze_timestamp_ns": 30141455000, "T_world_device": [[0.04931985672782635, 0.9987466192585281, 0.008528906847150686, -0.6850740000000001], [0.02978210092301542, 0.007064916681659428, -0.9995314469374601, -0.459965], [-0.9983389094876339, 0.04955075652239754, -0.0293963319327446, -0.013648]], "gaze_centre_in_pixels": [811, 766], "gaze_direction_in_world": [-0.6426683050814079, -0.7043471299627283, -0.30145077567831496]}
{"frame_index": 80, "tracking_timestamp_ns": 30141348687, "slam_timestamp_ns": 30141443000, "gaze_timestamp_ns": 30141455000, "T_world_device": [[0.04655289904465987, 0.9989141828189464, -0.0018118922965965623, -0.7013159999999999], [0.03322022879012765, -0.0033610294141674935, -0.9994424044838246, -0.481669], [-0.9983632825728666, 0.04646674988025162, -0.03334062335795274, -0.018441000000000003]], "gaze_centre_in_pixels": [811, 766], "gaze_direction_in_world": [-0.6507812203895115, -0.6965308926246169, -0.30220608664931375]}
{"frame_index": 81, "tracking_timestamp_ns": 30174676025, "slam_timestamp_ns": 30174828000, "gaze_timestamp_ns": 30241439000, "T_world_device": [[0.04040367769296305, 0.9991363751393821, -0.009697767898808385, -0.7167900000000001], [0.03464555064894437, -0.011100742617999426, -0.9993380105517655, -0.5052159999999999], [-0.9985826098271062, 0.04004094637574057, -0.03506414071698449, -0.022354000000000002]], "gaze_centre_in_pixels": [835, 761], "gaze_direction_in_world": [-0.643527415463771, -0.6882005088041053, -0.33504107991153753]}
{"frame_index": 82, "tracking_timestamp_ns": 30208007062, "slam_timestamp_ns": 30208778000, "gaze_timestamp_ns": 30241439000, "T_world_device": [[0.03293037602760729, 0.9993464457411553, -0.014908779936701422, -0.7320750000000001], [0.036775802860216866, -0.016118331892947202, -0.9991935446653846, -0.530976], [-0.9987808221319967, 0.032355536798350626, -0.03728255060780761, -0.025]], "gaze_centre_in_pixels": [835, 761], "gaze_direction_in_world": [-0.6494690998618841, -0.684236875826357, -0.3316772317841256]}
{"frame_index": 83, "tracking_timestamp_ns": 30241334400, "slam_timestamp_ns": 30241427000, "gaze_timestamp_ns": 30241439000, "T_world_device": [[0.026917735389156205, 0.9994943309400605, -0.016926840821606726, -0.7468470000000001], [0.03868399987919868, -0.01796180659139135, -0.9990900468212659, -0.557267], [-0.9988888745375359, 0.026238443601976136, -0.03914792973428316, -0.023732999999999997]], "gaze_centre_in_pixels": [835, 761], "gaze_direction_in_world": [-0.6527011859414608, -0.6824245782397769, -0.3290560087354022]}
{"frame_index": 84, "tracking_timestamp_ns": 30274661737, "slam_timestamp_ns": 30274707000, "gaze_timestamp_ns": 30241439000, "T_world_device": [[0.025083558840788167, 0.9995800865977531, -0.01450743096172702, -0.7618659999999999], [0.042339518186241376, -0.015561223845753869, -0.9989820886843663, -0.584821], [-0.9987883560973454, 0.024443788365368035, -0.04271207012907996, -0.018748]], "gaze_centre_in_pixels": [835, 761], "gaze_direction_in_world": [-0.6515715916425319, -0.6828649531982154, -0.3303784446025747]}
{"frame_index": 85, "tracking_timestamp_ns": 30307989062, "slam_timestamp_ns": 30307706000, "gaze_timestamp_ns": 30241439000, "T_world_device": [[0.028769395566013767, 0.9995560094725706, -0.007752793434424421, -0.77601], [0.055965275494438915, -0.009354543327249498, -0.998388892395128, -0.611457], [-0.9980181410263032, 0.028289157753620953, -0.056209551999575336, -0.014243]], "gaze_centre_in_pixels": [835, 761], "gaze_direction_in_world": [-0.645739557102746, -0.6825933268462816, -0.3421794478598543]}
{"frame_index": 86, "tracking_timestamp_ns": 30341316362, "slam_timestamp_ns": 30341411000, "gaze_timestamp_ns": 30241439000, "T_world_device": [[0.0288095595190605, 0.9995837437306458, 0.001532497877297312, -0.790197], [0.07286892068459622, -0.0005711357247544235, -0.9973413629255762, -0.6373900000000001], [-0.9969253380662866, 0.028844636822295322, -0.072855042708176, -0.010932]], "gaze_centre_in_pixels": [835, 761], "gaze_direction_in_world": [-0.6391931716781016, -0.6827394199082164, -0.3539759508546887]}
{"frame_index": 87, "tracking_timestamp_ns": 30374647437, "slam_timestamp_ns": 30375561000, "gaze_timestamp_ns": 30441407000, "T_world_device": [[0.02117900536549333, 0.9996839292305593, 0.013545898636819875, -0.8055829999999999], [0.08720925581040723, 0.011650043109939778, -0.9961218912344671, -0.6618560000000001], [-0.9959648565249296, 0.022278198618540523, -0.08693495518828742, -0.006860000000000001]], "gaze_centre_in_pixels": [770, 661], "gaze_direction_in_world": [-0.5230882533548566, -0.8108625403942576, -0.26245117600715073]}
{"frame_index": 88, "tracking_timestamp_ns": 30407974737, "slam_timestamp_ns": 30407562000, "gaze_timestamp_ns": 30441407000, "T_world_device": [[0.015562153176210458, 0.9995017827924222, 0.027459162101030554, -0.8199380000000001], [0.09574414899986011, 0.025846690266133843, -0.9950703525553255, -0.6839940000000001], [-0.9952843198407244, 0.018114491355184337, -0.0952942174642839, -0.002647]], "gaze_centre_in_pixels": [770, 661], "gaze_direction_in_world": [-0.512542145197118, -0.816104663712204, -0.26697139783865736]}
{"frame_index": 89, "tracking_timestamp_ns": 30441302062, "slam_timestamp_ns": 30441395000, "gaze_timestamp_ns": 30441407000, "T_world_device": [[0.017643108101816685, 0.9988598398082671, 0.044359228517979465, -0.8349420000000001], [0.10012407303813031, 0.04237808779803176, -0.9940720636215652, -0.7067770000000001], [-0.9948185215076981, 0.021979947515520404, -0.09926223437164894, 0.0017310000000000001]], "gaze_centre_in_pixels": [770, 661], "gaze_direction_in_world": [-0.4979065708412804, -0.8233934645479135, -0.27223565022395707]}
{"frame_index": 90, "tracking_timestamp_ns": 30474629400, "slam_timestamp_ns": 30475497000, "gaze_timestamp_ns": 30441407000, "T_world_device": [[0.026091236887488378, 0.9977244301359808, 0.06217080397994773, -0.8487290000000002], [0.10215041404194991, 0.059205448428086394, -0.9930055426771229, -0.7296930000000001], [-0.9944267395181703, 0.03225951621245021, -0.10037322025819151, 0.004333999999999999]], "gaze_centre_in_pixels": [770, 661], "gaze_direction_in_world": [-0.4811112862501115, -0.8312080730678318, -0.27861275905748667]}
{"frame_index": 91, "tracking_timestamp_ns": 30507979062, "slam_timestamp_ns": 30508449000, "gaze_timestamp_ns": 30441407000, "T_world_device": [[0.03461385276274531, 0.9963051831526603, 0.07859938434913627, -0.8618770000000001], [0.10203844577259435, 0.07471240479512953, -0.9919708726338905, -0.7519650000000001], [-0.994178070961753, 0.0423560927479501, -0.09907534822494823, 0.005943]], "gaze_centre_in_pixels": [770, 661], "gaze_direction_in_world": [-0.4652886830560073, -0.8387222839546473, -0.2829335113024019]}
{"frame_index": 92, "tracking_timestamp_ns": 30541284062, "slam_timestamp_ns": 30541379000, "gaze_timestamp_ns": 30441407000, "T_world_device": [[0.04094890210820912, 0.9947127000751731, 0.09417978405842475, -0.8748480000000002], [0.1005918107307574, 0.08967571056757073, -0.9908781734139214, -0.7747200000000001], [-0.9940847423786566, 0.05004908833695665, -0.0963878297639269, 0.006282]], "gaze_centre_in_pixels": [770, 661], "gaze_direction_in_world": [-0.45046415899196046, -0.8461358138566505, -0.28484421351470285]}
{"frame_index": 93, "tracking_timestamp_ns": 30574615112, "slam_timestamp_ns": 30574353000, "gaze_timestamp_ns": 30641375000, "T_world_device": [[0.04484970514104336, 0.9931180715766916, 0.10818964764040306, -0.888194], [0.09848815790146664, 0.10337542802171085, -0.9897543147844843, -0.798461], [-0.9941270475658216, 0.05504558828027162, -0.09317401198264252, 0.004979]], "gaze_centre_in_pixels": [763, 705], "gaze_direction_in_world": [-0.5023319094578296, -0.819485354481466, -0.2758738960663676]}
{"frame_index": 94, "tracking_timestamp_ns": 30607942437, "slam_timestamp_ns": 30608304000, "gaze_timestamp_ns": 30641375000, "T_world_device": [[0.0462225546164059, 0.9916080673119603, 0.12073490086372096, -0.9022859999999999], [0.09583747350995514, 0.11590446960066103, -0.9886259821579739, -0.8236750000000002], [-0.9943232141089547, 0.057267746318749035, -0.08967581120686585, 0.0022]], "gaze_centre_in_pixels": [763, 705], "gaze_direction_in_world": [-0.4913769916289245, -0.8265578798691074, -0.2745008621552839]}
{"frame_index": 95, "tracking_timestamp_ns": 30641269775, "slam_timestamp_ns": 30641363000, "gaze_timestamp_ns": 30641375000, "T_world_device": [[0.04616903453573262, 0.9901864215749032, 0.13190629544766352, -0.916496], [0.09419299418613475, 0.12714344012002532, -0.9874017548499174, -0.8489410000000002], [-0.994482830468324, 0.05801203464052512, -0.08739853397270103, -0.0018609999999999998]], "gaze_centre_in_pixels": [763, 705], "gaze_direction_in_world": [-0.48179388145134083, -0.8326108344562386, -0.27319197305583015]}
{"frame_index": 96, "tracking_timestamp_ns": 30674597112, "slam_timestamp_ns": 30675218000, "gaze_timestamp_ns": 30641375000, "T_world_device": [[0.047054685712001554, 0.9887866477607542, 0.14172798510737022, -0.931756], [0.09623014739824909, 0.13673797149088895, -0.9859221500119917, -0.875017], [-0.9942462548505053, 0.06003076180265432, -0.08871692258603758, -0.007251]], "gaze_centre_in_pixels": [763, 705], "gaze_direction_in_world": [-0.4731193272503574, -0.8368497073335643, -0.2753918472248172]}
{"frame_index": 97, "tracking_timestamp_ns": 30707924437, "slam_timestamp_ns": 30707218000, "gaze_timestamp_ns": 30641375000, "T_world_device": [[0.048452678019567874, 0.9874914225750611, 0.1500434214932942, -0.947092], [0.10073545201918849, 0.1446227324635947, -0.9843457898326449, -0.8999240000000001], [-0.9937327139121577, 0.06280888150131103, -0.09246803612780186, -0.012426999999999999]], "gaze_centre_in_pixels": [763, 705], "gaze_direction_in_world": [-0.465598318676695, -0.8395670161825033, -0.27990253836620166]}
{"frame_index": 98, "tracking_timestamp_ns": 30741255487, "slam_timestamp_ns": 30741347000, "gaze_timestamp_ns": 30641375000, "T_world_device": [[0.05025301123864301, 0.9859151339198153, 0.15951797255896066, -0.9642719999999999], [0.10659461221911681, 0.1535128490168275, -0.9823804730513493, -0.9267400000000001], [-0.9930318340855468, 0.06637133337977519, -0.09737875845422272, -0.017424000000000002]], "gaze_centre_in_pixels": [763, 705], "gaze_direction_in_world": [-0.45693326504860615, -0.8423504401888932, -0.28575816209794996]}
{"frame_index": 99, "tracking_timestamp_ns": 30774582812, "slam_timestamp_ns": 30775080000, "gaze_timestamp_ns": 30841343000, "T_world_device": [[0.05218651286614895, 0.9840902257587997, 0.16983225677375302, -0.9821219999999999], [0.10882742679837187, 0.16344692874652345, -0.9805313318093277, -0.9536850000000001], [-0.9926898604555786, 0.0696529184551774, -0.09856628175679605, -0.020554000000000003]], "gaze_centre_in_pixels": [766, 740], "gaze_direction_in_world": [-0.4966773264702052, -0.8163620868924707, -0.29472797026237474]}
{"frame_index": 100, "tracking_timestamp_ns": 30807910112, "slam_timestamp_ns": 30808042000, "gaze_timestamp_ns": 30841343000, "T_world_device": [[0.05382668815465963, 0.9818943950808663, 0.18162071619471382, -1.000247], [0.10940021065186184, 0.17499066949749653, -0.978473228810143, -0.980833], [-0.9925393098268851, 0.07253731796529034, -0.09800028546271244, -0.021971000000000004]], "gaze_centre_in_pixels": [766, 740], "gaze_direction_in_world": [-0.48618997504580175, -0.8221461850689382, -0.2961333458791051]}
{"frame_index": 101, "tracking_timestamp_ns": 30841237437, "slam_timestamp_ns": 30841331000, "gaze_timestamp_ns": 30841343000, "T_world_device": [[0.053670248380903396, 0.9791511348788815, 0.19591467403982454, -1.0191789999999998], [0.11064227563217882, 0.18915817531265278, -0.9756933286413927, -1.009537], [-0.9924100922913195, 0.07404214865727665, -0.09818334349852131, -0.020241]], "gaze_centre_in_pixels": [766, 740], "gaze_direction_in_world": [-0.47380321423354715, -0.8289598060877458, -0.2972139870075534]}
{"frame_index": 102, "tracking_timestamp_ns": 30874564775, "slam_timestamp_ns": 30873947000, "gaze_timestamp_ns": 30941327000, "T_world_device": [[0.050597259168455144, 0.9762823794541402, 0.2105056600949317, -1.0379259999999997], [0.11640016493632938, 0.20357457386509614, -0.9721154224054056, -1.0387609999999998], [-0.9919127577400322, 0.07368926952417959, -0.10333911451893396, -0.016876]], "gaze_centre_in_pixels": [774, 761], "gaze_direction_in_world": [-0.48919012734682715, -0.8140111482445253, -0.3131754617463262]}
{"frame_index": 103, "tracking_timestamp_ns": 30907892112, "slam_timestamp_ns": 30907898000, "gaze_timestamp_ns": 30941327000, "T_world_device": [[0.046637974772291146, 0.9736146056747057, 0.2233819574764871, -1.057443], [0.1276756860208899, 0.21598107154707713, -0.9680139957317104, -1.0702289999999999], [-0.9907188392819806, 0.07366665697766028, -0.11423399293337155, -0.012410999999999998]], "gaze_centre_in_pixels": [774, 761], "gaze_direction_in_world": [-0.47888922929877337, -0.8171674606766866, -0.32078411318648997]}
