{
    "device_version": "DeviceVersion.Gen1",
    "device_subtype": "DVT-L",
    "origin_device": "camera-slam-left",
    "origin_transforms": {
        "T_device_cpf": [
            [
                -0.03186013725398906,
                -0.9986295320622571,
                -0.04152095070292611,
                0.004993020020503572
            ],
            [
                0.7933534010715846,
                1.7481547320841173e-09,
                -0.6087613497982192,
                -0.05146009007281111
            ],
            [
                0.6079270619591686,
                -0.05233600761538676,
                0.7922661356164198,
                -0.04994988069828615
            ]
        ],
        "T_cpf_device": [
            [
                -0.03186013725398906,
                0.7933534010715846,
                0.6079270619591688,
                0.07135100000000003
            ],
            [
                -0.9986295320622571,
                1.7481547320841173e-09,
                -0.05233600761538665,
                0.002372000000000013
            ],
            [
                -0.041520950702925996,
                -0.6087613497982194,
                0.7922661356164198,
                0.008453999999999982
            ]
        ]
    },
    "cameras": {
        "camera-et-left": {
            "label": "camera-et-left",
            "model_name": "CameraModelType.KANNALA_BRANDT_K3",
            "projection_params": [
                552.3767027424856,
                551.8366859291248,
                319.5000899534153,
                239.5008815519624,
                0.04620687353681714,
                -0.1193492544589937,
                0.4319817745072458,
                -0.6258188164988858
            ],
            "max_solid_angle": 0.75,
            "valid_radius": null,
            "image_size": [
                640,
                480
            ],
            "time_offset_sec_device_camera": 0.0,
            "readout_time_sec": null,
            "T_device_camera": [
                [
                    -0.6029984793988028,
                    0.5423788374575305,
                    -0.5849940431499707,
                    0.022580156421685274
                ],
                [
                    0.7809934344558425,
                    0.5508433263274966,
                    -0.29431426261281823,
                    -0.010141789757245938
                ],
                [
                    0.16261023700739025,
                    -0.6343475597168141,
                    -0.7557519992045827,
                    -0.011239127434638625
                ]
            ]
        },
        "camera-et-right": {
            "label": "camera-et-right",
            "model_name": "CameraModelType.KANNALA_BRANDT_K3",
            "projection_params": [
                560.3752707365092,
                560.2443498638675,
                319.4997708715904,
                239.4998099065119,
                -0.00123996739337703,
                0.2810251043746303,
                -0.9027884468378666,
                0.8561939262390634
            ],
            "max_solid_angle": 0.75,
            "valid_radius": null,
            "image_size": [
                640,
                480
            ],
            "time_offset_sec_device_camera": 0.0,
            "readout_time_sec": null,
            "T_device_camera": [
                [
                    0.5559939078387426,
                    0.5445514511983877,
                    -0.6279605811226799,
                    0.026132752886328568
                ],
                [
                    0.38947348525014663,
                    0.49674279038870794,
                    0.7756010601359078,
                    -0.09860545409713403
                ],
                [
                    0.7342895741690111,
                    -0.6758034604783927,
                    0.06409761362267796,
                    -0.07902664240545768
                ]
            ]
        },
        "camera-rgb": {
            "label": "camera-rgb",
            "model_name": "CameraModelType.FISHEYE624",
            "projection_params": [
                611.0571199969495,
                697.4040013522815,
                708.791446067084,
                0.3769357382851658,
                -0.2603815942422347,
                -0.5120778982977174,
                2.1118242962778,
                -2.371930678787967,
                0.8287633834834315,
                0.0008849695055106728,
                -0.0003646668343934294,
                -0.001349861638240246,
                0.0005573490555229353,
                -0.001557346824029093,
                0.0002388416862815814
            ],
            "max_solid_angle": 1.0,
            "valid_radius": 707.5,
            "image_size": [
                1408,
                1408
            ],
            "time_offset_sec_device_camera": 0.0,
            "readout_time_sec": null,
            "T_device_camera": [
                [
                    0.03186013725398884,
                    0.9955057081813566,
                    0.08918136931272475,
                    -0.004541222211643256
                ],
                [
                    -0.7933534010715843,
                    0.07945917328328567,
                    -0.6035533288693606,
                    -0.012610831734988337
                ],
                [
                    -0.6079270619591686,
                    -0.05152305075859148,
                    0.7923194195387494,
                    -0.005330964713472532
                ]
            ]
        },
        "camera-slam-left": {
            "label": "camera-slam-left",
            "model_name": "CameraModelType.FISHEYE624",
            "projection_params": [
                242.1470270497182,
                320.86103629653,
                240.0704013078107,
                -0.0235043235178107,
                0.09444868850478699,
                -0.06215708147725179,
                0.005967328540106441,
                0.003365939576311257,
                -0.0006811614680510709,
                0.0004053775754800221,
                -0.0003493683463252793,
                -0.0007121423377684205,
                -0.0001238606062382705,
                0.0003702288507743577,
                -4.700308521314908e-05
            ],
            "max_solid_angle": 1.4,
            "valid_radius": 330.0,
            "image_size": [
                640,
                480
            ],
            "time_offset_sec_device_camera": 0.0,
            "readout_time_sec": null,
            "T_device_camera": [
                [
                    1.0,
                    -1.3877787807814454e-17,
                    -5.551115123125783e-17,
                    0.0
                ],
                [
                    1.387778780781446e-17,
                    1.0,
                    1.1102230246251565e-16,
                    0.0
                ],
                [
                    5.551115123125783e-17,
                    -1.1102230246251565e-16,
                    1.0,
                    0.0
                ]
            ]
        },
        "camera-slam-right": {
            "label": "camera-slam-right",
            "model_name": "CameraModelType.FISHEYE624",
            "projection_params": [
                241.0853769698846,
                317.4310099976715,
                239.1761195186035,
                -0.0275306266306091,
                0.1024340195778266,
                -0.07153262306098931,
                0.01112517967720928,
                0.002201492445053177,
                -0.0006143549813987445,
                0.0008354614724958367,
                -0.0008680946346491178,
                -0.00143866795496328,
                -3.705279827184071e-06,
                0.001622966005569942,
                -9.531727258698195e-05
            ],
            "max_solid_angle": 1.4,
            "valid_radius": 330.0,
            "image_size": [
                640,
                480
            ],
            "time_offset_sec_device_camera": 0.0,
            "readout_time_sec": null,
            "T_device_camera": [
                [
                    0.9979698633083139,
                    -0.050552696498119165,
                    0.03873727926886672,
                    0.00454650530641873
                ],
                [
                    0.050552696498119234,
                    0.25881923798370043,
                    -0.9646020044175243,
                    -0.11321311703971726
                ],
                [
                    0.03873727926886664,
                    0.9646020044175243,
                    0.2608493746753865,
                    -0.08675240759569727
                ]
            ]
        }
    },
    "imus": {
        "imu-left": {
            "label": "imu-left",
            "time_offset_sec_device_accel": 0.001018997495462912,
            "time_offset_sec_device_gyro": 0.001815409723497929,
            "T_device_imu": [
                [
                    0.00028525363535647497,
                    0.996457910814717,
                    -0.08409251218231771,
                    0.001266559047611318
                ],
                [
                    0.9999851772918616,
                    -0.000741472178192204,
                    -0.005394016645618095,
                    -0.0030492926452421604
                ],
                [
                    -0.0054372628157698805,
                    -0.08408972704069567,
                    -0.9964433521175673,
                    -0.00932098753043828
                ]
            ],
            "accel_model": {
                "bias": [
                    0.1086119334671211,
                    -0.05354802924853812,
                    -0.05583718002304312
                ],
                "rectification": [
                    [
                        0.9951756967587466,
                        0.0001316010459579379,
                        0.0002736473637915025
                    ],
                    [
                        0.0,
                        0.993256921647587,
                        -0.0116668179529112
                    ],
                    [
                        0.0,
                        0.0,
                        1.001310617589194
                    ]
                ]
            },
            "gyro_model": {
                "bias": [
                    0.002997047286493198,
                    0.0003096919373751817,
                    0.002145316780242038
                ],
                "rectification": [
                    [
                        1.00050087578637,
                        -0.001736647329925767,
                        0.002037816265853718
                    ],
                    [
                        -0.0005391628780288565,
                        0.995689267900651,
                        -0.01126685502735557
                    ],
                    [
                        0.006104167949768346,
                        0.008757453174513517,
                        0.9768339877149627
                    ]
                ]
            }
        },
        "imu-right": {
            "label": "imu-right",
            "time_offset_sec_device_accel": 0.002679855216309147,
            "time_offset_sec_device_gyro": 0.004106126808035349,
            "T_device_imu": [
                [
                    0.9798290051679345,
                    0.05055263167257848,
                    -0.19333792194650407,
                    0.005175993944436505
                ],
                [
                    0.19982489102902104,
                    -0.2588189470136817,
                    0.9450305633110333,
                    -0.10612032897099224
                ],
                [
                    -0.0022657353896155252,
                    -0.96460208588708,
                    -0.2636999854862312,
                    -0.0896113557356184
                ]
            ],
            "accel_model": {
                "bias": [
                    -0.03269790706555838,
                    -0.007201392039275974,
                    -0.05631818851299611
                ],
                "rectification": [
                    [
                        1.001550993417645,
                        -0.0009522386346403985,
                        0.0003834285000559748
                    ],
                    [
                        0.0,
                        0.9998903416448588,
                        -0.004206499270679803
                    ],
                    [
                        0.0,
                        0.0,
                        0.998916793624926
                    ]
                ]
            },
            "gyro_model": {
                "bias": [
                    0.004369802126760238,
                    0.0006420752823183034,
                    -0.000714216556546407
                ],
                "rectification": [
                    [
                        0.9995329696407611,
                        -0.003771162655113636,
                        -0.00149451360553575
                    ],
                    [
                        0.003579607822063299,
                        0.9987920370331947,
                        -0.004746571380295172
                    ],
                    [
                        0.002276091135871074,
                        0.005525817201378156,
                        0.9969071520469782
                    ]
                ]
            }
        }
    },
    "magnetometers": {
        "mag0": {
            "label": "mag0",
            "model": {
                "bias": [
                    -2.5314199999999997e-06,
                    -4.38239e-06,
                    -5.79703e-06
                ],
                "rectification": [
                    [
                        0.9904637707445207,
                        -0.018931826899219194,
                        0.009082414790596143
                    ],
                    [
                        0.04244360170229382,
                        0.9915446971152899,
                        0.09246824955359637
                    ],
                    [
                        -0.01485747792629206,
                        -0.08844171651933967,
                        0.9881730488547436
                    ]
                ]
            }
        }
    },
    "barometers": {
        "baro0": {
            "label": "baro0",
            "offset_pa": -89.0174,
            "slope": 1.0001
        }
    },
    "microphones": {
        "mic0": {
            "label": "mic0",
            "d_sensitivity_1k_dbv": -32.42
        },
        "mic1": {
            "label": "mic1",
            "d_sensitivity_1k_dbv": -31.75
        },
        "mic2": {
            "label": "mic2",
            "d_sensitivity_1k_dbv": -31.7
        },
        "mic3": {
            "label": "mic3",
            "d_sensitivity_1k_dbv": -31.87
        },
        "mic4": {
            "label": "mic4",
            "d_sensitivity_1k_dbv": -31.74
        },
        "mic5": {
            "label": "mic5",
            "d_sensitivity_1k_dbv": -31.45
        },
        "mic6": {
            "label": "mic6",
            "d_sensitivity_1k_dbv": -33.07
        }
    }
}