{"frame_index": 0, "tracking_timestamp_ns": 26374033712, "slam_timestamp_ns": null, "gaze_timestamp_ns": null, "T_world_device": null, "gaze_centre_in_pixels": null, "gaze_direction_in_world": null}
{"frame_index": 1, "tracking_timestamp_ns": 26406630162, "slam_timestamp_ns": null, "gaze_timestamp_ns": null, "T_world_device": null, "gaze_centre_in_pixels": null, "gaze_direction_in_world": null}
{"frame_index": 2, "tracking_timestamp_ns": 26440691037, "slam_timestamp_ns": null, "gaze_timestamp_ns": null, "T_world_device": null, "gaze_centre_in_pixels": null, "gaze_direction_in_world": null}
{"frame_index": 3, "tracking_timestamp_ns": 26474018375, "slam_timestamp_ns": null, "gaze_timestamp_ns": null, "T_world_device": null, "gaze_centre_in_pixels": null, "gaze_direction_in_world": null}
{"frame_index": 4, "tracking_timestamp_ns": 26507339625, "slam_timestamp_ns": null, "gaze_timestamp_ns": null, "T_world_device": null, "gaze_centre_in_pixels": null, "gaze_direction_in_world": null}
{"frame_index": 5, "tracking_timestamp_ns": 26540666962, "slam_timestamp_ns": null, "gaze_timestamp_ns": null, "T_world_device": null, "gaze_centre_in_pixels": null, "gaze_direction_in_world": null}
{"frame_index": 6, "tracking_timestamp_ns": 26573998000, "slam_timestamp_ns": null, "gaze_timestamp_ns": null, "T_world_device": null, "gaze_centre_in_pixels": null, "gaze_direction_in_world": null}
{"frame_index": 7, "tracking_timestamp_ns": 26607325337, "slam_timestamp_ns": null, "gaze_timestamp_ns": null, "T_world_device": null, "gaze_centre_in_pixels": null, "gaze_direction_in_world": null}
{"frame_index": 8, "tracking_timestamp_ns": 26640652662, "slam_timestamp_ns": null, "gaze_timestamp_ns": null, "T_world_device": null, "gaze_centre_in_pixels": null, "gaze_direction_in_world": null}
{"frame_index": 9, "tracking_timestamp_ns": 26673980000, "slam_timestamp_ns": null, "gaze_timestamp_ns": null, "T_world_device": null, "gaze_centre_in_pixels": null, "gaze_direction_in_world": null}
{"frame_index": 10, "tracking_timestamp_ns": 26707307337, "slam_timestamp_ns": null, "gaze_timestamp_ns": null, "T_world_device": null, "gaze_centre_in_pixels": null, "gaze_direction_in_world": null}
{"frame_index": 11, "tracking_timestamp_ns": 26740638375, "slam_timestamp_ns": null, "gaze_timestamp_ns": null, "T_world_device": null, "gaze_centre_in_pixels": null, "gaze_direction_in_world": null}
{"frame_index": 12, "tracking_timestamp_ns": 26773965712, "slam_timestamp_ns": null, "gaze_timestamp_ns": null, "T_world_device": null, "gaze_centre_in_pixels": null, "gaze_direction_in_world": null}
{"frame_index": 13, "tracking_timestamp_ns": 26807293037, "slam_timestamp_ns": null, "gaze_timestamp_ns": null, "T_world_device": null, "gaze_centre_in_pixels": null, "gaze_direction_in_world": null}
{"frame_index": 14, "tracking_timestamp_ns": 26840620375, "slam_timestamp_ns": null, "gaze_timestamp_ns": null, "T_world_device": null, "gaze_centre_in_pixels": null, "gaze_direction_in_world": null}
{"frame_index": 15, "tracking_timestamp_ns": 26873947712, "slam_timestamp_ns": null, "gaze_timestamp_ns": null, "T_world_device": null, "gaze_centre_in_pixels": null, "gaze_direction_in_world": null}
{"frame_index": 16, "tracking_timestamp_ns": 26907275000, "slam_timestamp_ns": null, "gaze_timestamp_ns": null, "T_world_device": null, "gaze_centre_in_pixels": null, "gaze_direction_in_world": null}
{"frame_index": 17, "tracking_timestamp_ns": 26940606087, "slam_timestamp_ns": null, "gaze_timestamp_ns": null, "T_world_device": null, "gaze_centre_in_pixels": null, "gaze_direction_in_world": null}
{"frame_index": 18, "tracking_timestamp_ns": 26973933375, "slam_timestamp_ns": null, "gaze_timestamp_ns": null, "T_world_device": null, "gaze_centre_in_pixels": null, "gaze_direction_in_world": null}
{"frame_index": 19, "tracking_timestamp_ns": 27007260712, "slam_timestamp_ns": null, "gaze_timestamp_ns": null, "T_world_device": null, "gaze_centre_in_pixels": null, "gaze_direction_in_world": null}
{"frame_index": 20, "tracking_timestamp_ns": 27040588050, "slam_timestamp_ns": null, "gaze_timestamp_ns": null, "T_world_device": null, "gaze_centre_in_pixels": null, "gaze_direction_in_world": null}
{"frame_index": 21, "tracking_timestamp_ns": 27073915375, "slam_timestamp_ns": null, "gaze_timestamp_ns": null, "T_world_device": null, "gaze_centre_in_pixels": null, "gaze_direction_in_world": null}
{"frame_index": 22, "tracking_timestamp_ns": 27107246412, "slam_timestamp_ns": null, "gaze_timestamp_ns": null, "T_world_device": null, "gaze_centre_in_pixels": null, "gaze_direction_in_world": null}
{"frame_index": 23, "tracking_timestamp_ns": 27140573750, "slam_timestamp_ns": null, "gaze_timestamp_ns": null, "T_world_device": null, "gaze_centre_in_pixels": null, "gaze_direction_in_world": null}
{"frame_index": 24, "tracking_timestamp_ns": 27173901087, "slam_timestamp_ns": null, "gaze_timestamp_ns": null, "T_world_device": null, "gaze_centre_in_pixels": null, "gaze_direction_in_world": null}
{"frame_index": 25, "tracking_timestamp_ns": 27207228425, "slam_timestamp_ns": null, "gaze_timestamp_ns": null, "T_world_device": null, "gaze_centre_in_pixels": null, "gaze_direction_in_world": null}
{"frame_index": 26, "tracking_timestamp_ns": 27240555750, "slam_timestamp_ns": null, "gaze_timestamp_ns": null, "T_world_device": null, "gaze_centre_in_pixels": null, "gaze_direction_in_world": null}
{"frame_index": 27, "tracking_timestamp_ns": 27273883087, "slam_timestamp_ns": null, "gaze_timestamp_ns": null, "T_world_device": null, "gaze_centre_in_pixels": null, "gaze_direction_in_world": null}
{"frame_index": 28, "tracking_timestamp_ns": 27307214125, "slam_timestamp_ns": null, "gaze_timestamp_ns": null, "T_world_device": null, "gaze_centre_in_pixels": null, "gaze_direction_in_world": null}
{"frame_index": 29, "tracking_timestamp_ns": 27340541462, "slam_timestamp_ns": null, "gaze_timestamp_ns": null, "T_world_device": null, "gaze_centre_in_pixels": null, "gaze_direction_in_world": null}
{"frame_index": 30, "tracking_timestamp_ns": 27373868750, "slam_timestamp_ns": null, "gaze_timestamp_ns": null, "T_world_device": null, "gaze_centre_in_pixels": null, "gaze_direction_in_world": null}
{"frame_index": 31, "tracking_timestamp_ns": 27407196087, "slam_timestamp_ns": null, "gaze_timestamp_ns": null, "T_world_device": null, "gaze_centre_in_pixels": null, "gaze_direction_in_world": null}
{"frame_index": 32, "tracking_timestamp_ns": 27440523425, "slam_timestamp_ns": null, "gaze_timestamp_ns": null, "T_world_device": null, "gaze_centre_in_pixels": null, "gaze_direction_in_world": null}
{"frame_index": 33, "tracking_timestamp_ns": 27473854462, "slam_timestamp_ns": null, "gaze_timestamp_ns": null, "T_world_device": null, "gaze_centre_in_pixels": null, "gaze_direction_in_world": null}
{"frame_index": 34, "tracking_timestamp_ns": 27507181800, "slam_timestamp_ns": null, "gaze_timestamp_ns": null, "T_world_device": null, "gaze_centre_in_pixels": null, "gaze_direction_in_world": null}
{"frame_index": 35, "tracking_timestamp_ns": 27540509125, "slam_timestamp_ns": null, "gaze_timestamp_ns": null, "T_world_device": null, "gaze_centre_in_pixels": null, "gaze_direction_in_world": null}
{"frame_index": 36, "tracking_timestamp_ns": 27573836462, "slam_timestamp_ns": null, "gaze_timestamp_ns": null, "T_world_device": null, "gaze_centre_in_pixels": null, "gaze_direction_in_world": null}
{"frame_index": 37, "tracking_timestamp_ns": 27607163800, "slam_timestamp_ns": null, "gaze_timestamp_ns": null, "T_world_device": null, "gaze_centre_in_pixels": null, "gaze_direction_in_world": null}
{"frame_index": 38, "tracking_timestamp_ns": 27640491125, "slam_timestamp_ns": null, "gaze_timestamp_ns": null, "T_world_device": null, "gaze_centre_in_pixels": null, "gaze_direction_in_world": null}
{"frame_index": 39, "tracking_timestamp_ns": 27673822175, "slam_timestamp_ns": null, "gaze_timestamp_ns": null, "T_world_device": null, "gaze_centre_in_pixels": null, "gaze_direction_in_world": null}
{"frame_index": 40, "tracking_timestamp_ns": 27707149500, "slam_timestamp_ns": null, "gaze_timestamp_ns": null, "T_world_device": null, "gaze_centre_in_pixels": null, "gaze_direction_in_world": null}
{"frame_index": 41, "tracking_timestamp_ns": 27740480550, "slam_timestamp_ns": null, "gaze_timestamp_ns": null, "T_world_device": null, "gaze_centre_in_pixels": null, "gaze_direction_in_world": null}
{"frame_index": 42, "tracking_timestamp_ns": 27773804125, "slam_timestamp_ns": null, "gaze_timestamp_ns": null, "T_world_device": null, "gaze_centre_in_pixels": null, "gaze_direction_in_world": null}
{"frame_index": 43, "tracking_timestamp_ns": 27807131462, "slam_timestamp_ns": null, "gaze_timestamp_ns": null, "T_world_device": null, "gaze_centre_in_pixels": null, "gaze_direction_in_world": null}
{"frame_index": 44, "tracking_timestamp_ns": 27840462550, "slam_timestamp_ns": null, "gaze_timestamp_ns": null, "T_world_device": null, "gaze_centre_in_pixels": null, "gaze_direction_in_world": null}
{"frame_index": 45, "tracking_timestamp_ns": 27873789837, "slam_timestamp_ns": null, "gaze_timestamp_ns": null, "T_world_device": null, "gaze_centre_in_pixels": null, "gaze_direction_in_world": null}
{"frame_index": 46, "tracking_timestamp_ns": 27907117175, "slam_timestamp_ns": 27907210000, "gaze_timestamp_ns": 27973878000, "T_world_device": [[0.09090963107230166, 0.9826310249988708, -0.16177672171226265, -0.024378000000000004], [0.022489896012706845, -0.1644337488255747, -0.9861317086599062, -0.05121300000000001], [-0.9956051644882303, 0.08601052817438531, -0.037047881012652883, -0.010969]], "gaze_centre_in_pixels": [821, 611], "gaze_direction_in_world": [-0.5699883258904492, -0.7519031732246413, -0.3312928107329194]}
{"frame_index": 47, "tracking_timestamp_ns": 27940444500, "slam_timestamp_ns": 27940159000, "gaze_timestamp_ns": 27973878000, "T_world_device": [[0.09155765869614785, 0.9846251303921507, -0.14876339514248715, -0.030959], [0.0270326102689466, -0.15179340454559842, -0.9880425093681464, -0.052402000000000004], [-0.9954327868400392, 0.08644139596684203, -0.040514836136613885, -0.012382]], "gaze_centre_in_pixels": [821, 611], "gaze_direction_in_world": [-0.5597375134617235, -0.7582105501171278, -0.334381036715256]}
{"frame_index": 48, "tracking_timestamp_ns": 27973771837, "slam_timestamp_ns": 27973866000, "gaze_timestamp_ns": 27973878000, "T_world_device": [[0.0943852309680493, 0.9860778083227685, -0.13690136634991568, -0.038225999999999996], [0.03227644842989419, -0.14047398570595404, -0.989558128770936, -0.05480300000000001], [-0.9950123914061879, 0.08898098264938048, -0.045085759114052104, -0.013212000000000002]], "gaze_centre_in_pixels": [821, 611], "gaze_direction_in_world": [-0.5496398201101511, -0.7633863923209238, -0.33931885324650807]}
{"frame_index": 49, "tracking_timestamp_ns": 28007099175, "slam_timestamp_ns": 28007266000, "gaze_timestamp_ns": 27973878000, "T_world_device": [[0.09673129150756266, 0.9872488688083387, -0.12642281550390588, -0.046574], [0.03876328399692408, -0.13065887339637383, -0.9906693023489546, -0.058687], [-0.9945554107524893, 0.09092815757204181, -0.050907809847813956, -0.013519000000000002]], "gaze_centre_in_pixels": [821, 611], "gaze_direction_in_world": [-0.5407072845176777, -0.7671961122243367, -0.34503008253974354]}
{"frame_index": 50, "tracking_timestamp_ns": 28040430212, "slam_timestamp_ns": 28041260000, "gaze_timestamp_ns": 27973878000, "T_world_device": [[0.09715342847914088, 0.9883537657229902, -0.11712405865548436, -0.055861], [0.04708681559938582, -0.12211343247111417, -0.9913985784773105, -0.064014], [-0.9941549391978385, 0.09080277193625474, -0.058402170141481635, -0.013817000000000001]], "gaze_centre_in_pixels": [821, 611], "gaze_direction_in_world": [-0.5332443992837461, -0.7696128570401811, -0.3512071481490179]}
{"frame_index": 51, "tracking_timestamp_ns": 28073757550, "slam_timestamp_ns": 28073850000, "gaze_timestamp_ns": 27973878000, "T_world_device": [[0.09689433265839364, 0.9892482244604777, -0.10954194950098678, -0.065553], [0.05778275066623273, -0.11546529854677767, -0.991629426024131, -0.070187], [-0.9936159429196616, 0.08975363632352545, -0.06834941654890558, -0.014876000000000002]], "gaze_centre_in_pixels": [821, 611], "gaze_direction_in_world": [-0.5273137635421797, -0.770106352146156, -0.3589935948775731]}
{"frame_index": 52, "tracking_timestamp_ns": 28107084875, "slam_timestamp_ns": 28107097000, "gaze_timestamp_ns": 28173846000, "T_world_device": [[0.09617296202457781, 0.9900056868264329, -0.10314795890729989, -0.074188], [0.06932093463429095, -0.11003848244762371, -0.9915070047165842, -0.07753300000000002], [-0.9929478180633902, 0.08820585259463748, -0.079210846297749, -0.017005000000000003]], "gaze_centre_in_pixels": [968, 737], "gaze_direction_in_world": [-0.5892994537697219, -0.5684141235614968, -0.5741354700090587]}
{"frame_index": 53, "tracking_timestamp_ns": 28140412212, "slam_timestamp_ns": 28141090000, "gaze_timestamp_ns": 28173846000, "T_world_device": [[0.096765129261422, 0.9904722177913103, -0.09798620077635267, -0.084042], [0.08057379860522479, -0.1059205147135196, -0.9911047914025783, -0.085882], [-0.9920405096251591, 0.08800926284424043, -0.09005552129807759, -0.020134]], "gaze_centre_in_pixels": [968, 737], "gaze_direction_in_world": [-0.5858277853066993, -0.5651641807203016, -0.58085734461518]}
{"frame_index": 54, "tracking_timestamp_ns": 28173739500, "slam_timestamp_ns": 28173834000, "gaze_timestamp_ns": 28173846000, "T_world_device": [[0.09993978969934736, 0.9905429947775664, -0.09400326553870447, -0.09440899999999999], [0.09021867621701646, -0.10310836230794496, -0.9905701671682943, -0.09471500000000001], [-0.9908948626854917, 0.09051652401226801, -0.09967010577017099, -0.023759]], "gaze_centre_in_pixels": [968, 737], "gaze_direction_in_world": [-0.5816954507130039, -0.5618414630103139, -0.5881875322226962]}
{"frame_index": 55, "tracking_timestamp_ns": 28207070587, "slam_timestamp_ns": 28207192000, "gaze_timestamp_ns": 28173846000, "T_world_device": [[0.10599316747233911, 0.9900566698486641, -0.09248372255350767, -0.10643600000000002], [0.09829960928294801, -0.10298476175258986, -0.9898137833257236, -0.10466700000000001], [-0.9894961522229385, 0.09582238431043077, -0.10823786491364173, -0.028184]], "gaze_centre_in_pixels": [968, 737], "gaze_direction_in_world": [-0.5775302940307386, -0.5575750039246934, -0.596295962148954]}
{"frame_index": 56, "tracking_timestamp_ns": 28240397925, "slam_timestamp_ns": 28241186000, "gaze_timestamp_ns": 28173846000, "T_world_device": [[0.11422953018562287, 0.9889436775258402, -0.09456223937301178, -0.119662], [0.10648459951781764, -0.10682515679405657, -0.9885592627361575, -0.11567600000000001], [-0.987731058790348, 0.10285323795385365, -0.1175098589196073, -0.033181]], "gaze_centre_in_pixels": [968, 737], "gaze_direction_in_world": [-0.5743823979698984, -0.5506601029380155, -0.6056882960192013]}
{"frame_index": 57, "tracking_timestamp_ns": 28273725212, "slam_timestamp_ns": 28273090000, "gaze_timestamp_ns": 28173846000, "T_world_device": [[0.12328161055935927, 0.9873682602472944, -0.09952669568574013, -0.13292400000000001], [0.1145764417099906, -0.1137830249051075, -0.9868767208970537, -0.126884], [-0.985735199484612, 0.11026033692890302, -0.12715649648113647, -0.038039]], "gaze_centre_in_pixels": [968, 737], "gaze_direction_in_world": [-0.5725167113198872, -0.5417209953225707, -0.6154372254634785]}
{"frame_index": 58, "tracking_timestamp_ns": 28307052550, "slam_timestamp_ns": 28306272000, "gaze_timestamp_ns": 28373814000, "T_world_device": [[0.13368765139680772, 0.9852595262150412, -0.10672992957234739, -0.14753800000000003], [0.12297993675878782, -0.12335755113652125, -0.9847125721409293, -0.139111], [-0.9833633850305847, 0.11851827108135327, -0.1376585355184221, -0.042776]], "gaze_centre_in_pixels": [1186, 757], "gaze_direction_in_world": [-0.4296232151133363, -0.37096121042837504, -0.8232931879914923]}
{"frame_index": 59, "tracking_timestamp_ns": 28340379875, "slam_timestamp_ns": 28340173000, "gaze_timestamp_ns": 28373814000, "T_world_device": [[0.14384085548776993, 0.9829490581699826, -0.11454674737979598, -0.163327], [0.13234705562506777, -0.13381829777772092, -0.9821287695853576, -0.15275200000000003], [-0.9807109998159099, 0.1261103176691642, -0.14933895211049508, -0.047424999999999995]], "gaze_centre_in_pixels": [1186, 757], "gaze_direction_in_world": [-0.4254515955037333, -0.35801786752709713, -0.8311523003726078]}
{"frame_index": 60, "tracking_timestamp_ns": 28373707212, "slam_timestamp_ns": 28373802000, "gaze_timestamp_ns": 28373814000, "T_world_device": [[0.15103881359483018, 0.9808622215354483, -0.12286813725458473, -0.17989800000000003], [0.13935352854564315, -0.14417977581685593, -0.9796901481219866, -0.16744100000000003], [-0.9786561555877247, 0.13084912919063157, -0.15846335387182964, -0.05135300000000001]], "gaze_centre_in_pixels": [1186, 757], "gaze_direction_in_world": [-0.42373886107043324, -0.3468657232073336, -0.8367374425006839]}
{"frame_index": 61, "tracking_timestamp_ns": 28407038250, "slam_timestamp_ns": 28407902000, "gaze_timestamp_ns": 28373814000, "T_world_device": [[0.1552608652395222, 0.9787870374825891, -0.13367871551272326, -0.19886], [0.14060735303429078, -0.155837484541117, -0.9777240156018403, -0.183735], [-0.9778157474686964, 0.13300606628253392, -0.1618201172113065, -0.05375200000000001]], "gaze_centre_in_pixels": [1186, 757], "gaze_direction_in_world": [-0.4254397830424018, -0.3394100209301285, -0.8389289771470789]}
{"frame_index": 62, "tracking_timestamp_ns": 28440365587, "slam_timestamp_ns": 28439853000, "gaze_timestamp_ns": 28373814000, "T_world_device": [[0.15743585135465854, 0.9768530323583297, -0.1448174916250467, -0.21780600000000003], [0.13560946839455867, -0.16664270224230737, -0.9766474706213739, -0.20000700000000002], [-0.9781738213579321, 0.13412070295714407, -0.1587060561172844, -0.05285600000000001]], "gaze_centre_in_pixels": [1186, 757], "gaze_direction_in_world": [-0.42882624631133687, -0.3372429938250772, -0.8380782860750108]}
{"frame_index": 63, "tracking_timestamp_ns": 28473692912, "slam_timestamp_ns": 28473786000, "gaze_timestamp_ns": 28373814000, "T_world_device": [[0.15980813921751813, 0.9747651812426761, -0.15586596830856603, -0.23884100000000003], [0.12707963841103043, -0.17689609211104984, -0.9759910543120569, -0.218121], [-0.9789341776346129, 0.1361639233893157, -0.15214224208309934, -0.04865200000000001]], "gaze_centre_in_pixels": [1186, 757], "gaze_direction_in_world": [-0.43195285499559355, -0.3380539522763506, -0.8361436816788694]}
{"frame_index": 64, "tracking_timestamp_ns": 28507020250, "slam_timestamp_ns": 28506959000, "gaze_timestamp_ns": 28573782000, "T_world_device": [[0.16370447783469, 0.9721102515422761, -0.1679360080009184, -0.25851], [0.1186175529231191, -0.18839395198840148, -0.9749038901310854, -0.23791800000000005], [-0.9793521940933214, 0.1396759739561711, -0.1461502727468975, -0.043062]], "gaze_centre_in_pixels": [785, 555], "gaze_direction_in_world": [-0.5020758318018262, -0.7758618212459484, -0.3820448840822557]}
{"frame_index": 65, "tracking_timestamp_ns": 28540347587, "slam_timestamp_ns": 28539908000, "gaze_timestamp_ns": 28573782000, "T_world_device": [[0.1679640553859163, 0.9690239213982971, -0.18105445549939975, -0.27838100000000005], [0.11240499986912911, -0.20129216599222888, -0.9730604194573832, -0.257071], [-0.9793636669300827, 0.14308774814086778, -0.1427329822754284, -0.037240999999999996]], "gaze_centre_in_pixels": [785, 555], "gaze_direction_in_world": [-0.5117655279264467, -0.7703529184107368, -0.3803319938188555]}
{"frame_index": 66, "tracking_timestamp_ns": 28573674925, "slam_timestamp_ns": 28573770000, "gaze_timestamp_ns": 28573782000, "T_world_device": [[0.169676697463792, 0.9662769721449448, -0.19369726750829175, -0.29866000000000004], [0.10796848906803047, -0.2135908197685521, -0.970938601086065, -0.275706], [-0.9795675697501156, 0.14383245396292144, -0.1405688496106332, -0.032374]], "gaze_centre_in_pixels": [785, 555], "gaze_direction_in_world": [-0.5216721605986008, -0.7644763611902714, -0.37872688053222353]}
{"frame_index": 67, "tracking_timestamp_ns": 28607005962, "slam_timestamp_ns": 28606964000, "gaze_timestamp_ns": 28573782000, "T_world_device": [[0.17164772515500548, 0.9634989032289244, -0.20544323285465388, -0.31971700000000003], [0.10417140163512217, -0.2251202702266082, -0.9687461912257891, -0.290903], [-0.9796353288497133, 0.14488177045356254, -0.1390104134939376, -0.028859]], "gaze_centre_in_pixels": [785, 555], "gaze_direction_in_world": [-0.5307107708501889, -0.758712714791446, -0.3777579835256855]}
{"frame_index": 68, "tracking_timestamp_ns": 28640333300, "slam_timestamp_ns": 28640957000, "gaze_timestamp_ns": 28573782000, "T_world_device": [[0.176758447481697, 0.9601120199775586, -0.21665954938214133, -0.34142100000000003], [0.10089323265965283, -0.23664062035837574, -0.9663445412480418, -0.30539400000000005], [-0.9790694596643006, 0.14895007851966868, -0.13869703407657719, -0.026355000000000007]], "gaze_centre_in_pixels": [785, 555], "gaze_direction_in_world": [-0.5384061527989478, -0.7526613234006855, -0.3789719605524464]}
{"frame_index": 69, "tracking_timestamp_ns": 28673660587, "slam_timestamp_ns": 28673754000, "gaze_timestamp_ns": 28573782000, "T_world_device": [[0.1830521269430725, 0.9566785275917602, -0.2264025478356621, -0.36251900000000004], [0.09982587064363418, -0.24719125034210743, -0.9638108119877813, -0.3184850000000001], [-0.9780218373696252, 0.15382678765146118, -0.14075015107975775, -0.024499]], "gaze_centre_in_pixels": [785, 555], "gaze_direction_in_world": [-0.5445257053494679, -0.7464328018424263, -0.38253082038880165]}
{"frame_index": 70, "tracking_timestamp_ns": 28706987925, "slam_timestamp_ns": 28706904000, "gaze_timestamp_ns": 28773750000, "T_world_device": [[0.189077319446052, 0.9534815090072798, -0.2347824083109637, -0.384232], [0.10075942305298369, -0.25667169258721856, -0.9612321160315245, -0.3308070000000001], [-0.9767790466308772, 0.15809065186029425, -0.14460304235133425, -0.023114]], "gaze_centre_in_pixels": [893, 531], "gaze_direction_in_world": [-0.45877504000397173, -0.7161551190998847, -0.5259727255822149]}
{"frame_index": 71, "tracking_timestamp_ns": 28740315250, "slam_timestamp_ns": 28740897000, "gaze_timestamp_ns": 28773750000, "T_world_device": [[0.1939841646551137, 0.9506840500391893, -0.24201235684184064, -0.406648], [0.10376326984519002, -0.26519859953646163, -0.9585942241819185, -0.34298700000000004], [-0.9755015774944151, 0.16084010633229612, -0.1500904144205213, -0.022688999999999997]], "gaze_centre_in_pixels": [893, 531], "gaze_direction_in_world": [-0.462397400602505, -0.7099169299767142, -0.531231208089739]}
{"frame_index": 72, "tracking_timestamp_ns": 28773646300, "slam_timestamp_ns": 28772801000, "gaze_timestamp_ns": 28773750000, "T_world_device": [[0.19909678036755463, 0.9482297913499653, -0.24742824180694312, -0.42791400000000007], [0.1091307292712036, -0.2723657051418522, -0.9559850451713757, -0.35423899999999997], [-0.9738844674682974, 0.16333152010246887, -0.15770814362298458, -0.023631999999999997]], "gaze_centre_in_pixels": [893, 531], "gaze_direction_in_world": [-0.46448016601360964, -0.7033229791737212, -0.5381402812893407]}
{"frame_index": 73, "tracking_timestamp_ns": 28806973625, "slam_timestamp_ns": 28807811000, "gaze_timestamp_ns": 28873734000, "T_world_device": [[0.2066114556746177, 0.9459445434224285, -0.25000125430355175, -0.45131800000000005], [0.11815203941832642, -0.2777663235048633, -0.9533551096563558, -0.36627600000000005], [-0.9712629932028225, 0.16743592892783032, -0.16915498141872432, -0.026257000000000003]], "gaze_centre_in_pixels": [1104, 758], "gaze_direction_in_world": [-0.5082272250790694, -0.32858397622412916, -0.7960764148353912]}
{"frame_index": 74, "tracking_timestamp_ns": 28840300962, "slam_timestamp_ns": 28839762000, "gaze_timestamp_ns": 28873734000, "T_world_device": [[0.21376613942977252, 0.9451516922903256, -0.24696622480417202, -0.47287000000000007], [0.12847648784174498, -0.27781457653701214, -0.9520046497446379, -0.37727200000000005], [-0.9683996229373188, 0.1717770055167293, -0.18081711940677692, -0.029968000000000005]], "gaze_centre_in_pixels": [1104, 758], "gaze_direction_in_world": [-0.5015647234303955, -0.3212843602836322, -0.8032491444423256]}
{"frame_index": 75, "tracking_timestamp_ns": 28873628300, "slam_timestamp_ns": 28873722000, "gaze_timestamp_ns": 28873734000, "T_world_device": [[0.22071971034226134, 0.9455678105303229, -0.23913244270763356, -0.49619599999999997], [0.1379348959443552, -0.27297705153108076, -0.9520806130881025, -0.38901900000000006], [-0.9655344499018397, 0.17715824854149148, -0.1906782132978566, -0.034788]], "gaze_centre_in_pixels": [1104, 758], "gaze_direction_in_world": [-0.49290165525838225, -0.31790413514499416, -0.8099289592928878]}
{"frame_index": 76, "tracking_timestamp_ns": 28906955625, "slam_timestamp_ns": 28907799000, "gaze_timestamp_ns": 28873734000, "T_world_device": [[0.2259110226130241, 0.9471644688243344, -0.2276920702586156, -0.519134], [0.14624603958859744, -0.2640615401412947, -0.9533538686777632, -0.402709], [-0.9631076293782477, 0.18207408386402496, -0.19817346497068655, -0.039477]], "gaze_centre_in_pixels": [1104, 758], "gaze_direction_in_world": [-0.4838911618857199, -0.31806625567223207, -0.8152810561098143]}
{"frame_index": 77, "tracking_timestamp_ns": 28940282962, "slam_timestamp_ns": 28940794000, "gaze_timestamp_ns": 28873734000, "T_world_device": [[0.2286509984727214, 0.9500382838061554, -0.2124758343908375, -0.541576], [0.15526367666727192, -0.25105214833954825, -0.9554402176598275, -0.415599], [-0.9610472993589798, 0.18547258049844617, -0.2049097613049684, -0.044233]], "gaze_centre_in_pixels": [1104, 758], "gaze_direction_in_world": [-0.47492011014692065, -0.32039142448623037, -0.819634201393354]}
{"frame_index": 78, "tracking_timestamp_ns": 28973614000, "slam_timestamp_ns": 28973706000, "gaze_timestamp_ns": 28873734000, "T_world_device": [[0.22921282520986086, 0.9536096491096215, -0.1951668975116897, -0.5643290000000001], [0.162741571225186, -0.23522732562020776, -0.9582188091854194, -0.42799200000000004], [-0.9596752897488149, 0.18787427287042152, -0.20910905250356593, -0.048383999999999996]], "gaze_centre_in_pixels": [1104, 758], "gaze_direction_in_world": [-0.4664813351890106, -0.32555552743984584, -0.8224407349308774]}
{"frame_index": 79, "tracking_timestamp_ns": 29006941337, "slam_timestamp_ns": 29007682000, "gaze_timestamp_ns": 29073702000, "T_world_device": [[0.22646462688786062, 0.9582113939635174, -0.17477041296236367, -0.58919], [0.17030316429898662, -0.2156219125970127, -0.9615113223658673, -0.4384100000000001], [-0.9590154352242171, 0.18798434851470852, -0.2120171684444594, -0.05281000000000001]], "gaze_centre_in_pixels": [1134, 787], "gaze_direction_in_world": [-0.45632847626534107, -0.2816617262747418, -0.8440562740133413]}
{"frame_index": 80, "tracking_timestamp_ns": 29040268675, "slam_timestamp_ns": 29039632000, "gaze_timestamp_ns": 29073702000, "T_world_device": [[0.22068639745628382, 0.9634987598265372, -0.1515508290656708, -0.6132980000000001], [0.1794200450639965, -0.19283355079753894, -0.9646883792790533, -0.44831400000000005], [-0.958700141549484, 0.18570234651058687, -0.2154267325413941, -0.055151000000000006]], "gaze_centre_in_pixels": [1134, 787], "gaze_direction_in_world": [-0.450665790311634, -0.28954000778694206, -0.8444329039855849]}
{"frame_index": 81, "tracking_timestamp_ns": 29073595962, "slam_timestamp_ns": 29073579000, "gaze_timestamp_ns": 29073702000, "T_world_device": [[0.21339866664378748, 0.9694161537372553, -0.12121604657767099, -0.6399390000000001], [0.1912949987829825, -0.16313406508536743, -0.9678809328886183, -0.459444], [-0.9580538776683034, 0.1833564770658228, -0.22025705392276995, -0.054133000000000014]], "gaze_centre_in_pixels": [1134, 787], "gaze_direction_in_world": [-0.44256607811399556, -0.29931006803485316, -0.8453098542403066]}
{"frame_index": 82, "tracking_timestamp_ns": 29106923300, "slam_timestamp_ns": 29106628000, "gaze_timestamp_ns": 29073702000, "T_world_device": [[0.20670857683412147, 0.9744536147400324, -0.08781638220341592, -0.6668850000000002], [0.2020419059428904, -0.13033371332403432, -0.9706658495147198, -0.471069], [-0.957314280947577, 0.1829023671012837, -0.22382156196973257, -0.05067700000000001]], "gaze_centre_in_pixels": [1134, 787], "gaze_direction_in_world": [-0.431979149137699, -0.3112662714524459, -0.8464675557671195]}
{"frame_index": 83, "tracking_timestamp_ns": 29140254375, "slam_timestamp_ns": 29139577000, "gaze_timestamp_ns": 29073702000, "T_world_device": [[0.19299829204995667, 0.9798339010614229, -0.05174152680925914, -0.69308], [0.2063362258935707, -0.0920829131199783, -0.9741386446473294, -0.48328800000000005], [-0.959258578877352, 0.1773309432730007, -0.21994707410672865, -0.045044999999999995]], "gaze_centre_in_pixels": [1134, 787], "gaze_direction_in_world": [-0.4247794715267308, -0.3307505731454069, -0.8427137467334066]}
{"frame_index": 84, "tracking_timestamp_ns": 29173581675, "slam_timestamp_ns": 29173674000, "gaze_timestamp_ns": 29073702000, "T_world_device": [[0.16995505395912236, 0.9854010901584969, -0.00999855730581295, -0.7182990000000001], [0.20197351283425302, -0.04476216198282579, -0.9783675428835602, -0.49655699999999997], [-0.9645320003748676, 0.16425906480029984, -0.2066324753851323, -0.038096]], "gaze_centre_in_pixels": [1134, 787], "gaze_direction_in_world": [-0.4208209078380949, -0.36118710577051255, -0.8321379922533534]}
{"frame_index": 85, "tracking_timestamp_ns": 29206909000, "slam_timestamp_ns": 29206558000, "gaze_timestamp_ns": 29273670000, "T_world_device": [[0.14509105852832305, 0.9888061921377073, 0.03479797587875694, -0.7398300000000001], [0.18983045869336024, 0.006696705008401915, -0.9817940471882578, -0.5096950000000001], [-0.9710370650430391, 0.1490552532860156, -0.18673390099401477, -0.031226999999999998]], "gaze_centre_in_pixels": [661, 483], "gaze_direction_in_world": [-0.2757388868118943, -0.9344005007866568, -0.22552997678663975]}
{"frame_index": 86, "tracking_timestamp_ns": 29240236337, "slam_timestamp_ns": 29240551000, "gaze_timestamp_ns": 29273670000, "T_world_device": [[0.1243106595807445, 0.9887758936582117, 0.08287998573241645, -0.7599580000000001], [0.17299753212478153, 0.0606507375661719, -0.9830530717674479, -0.52391], [-0.977045911814453, 0.1365420087485339, -0.16351625623643673, -0.025015000000000003]], "gaze_centre_in_pixels": [661, 483], "gaze_direction_in_world": [-0.230089461890033, -0.9524856564181873, -0.19957433162801674]}
{"frame_index": 87, "tracking_timestamp_ns": 29273563675, "slam_timestamp_ns": 29273658000, "gaze_timestamp_ns": 29273670000, "T_world_device": [[0.11186483961776372, 0.9854631438097612, 0.1278618389116698, -0.7778910000000001], [0.15886019478736246, 0.10928017653388356, -0.9812345700844647, -0.538509], [-0.9809432685784704, 0.13007780444528216, -0.14432625756002126, -0.019993000000000004]], "gaze_centre_in_pixels": [661, 483], "gaze_direction_in_world": [-0.18634560399707567, -0.9659790230450905, -0.17933165617876162]}
{"frame_index": 88, "tracking_timestamp_ns": 29306891000, "slam_timestamp_ns": 29307389000, "gaze_timestamp_ns": 29373654000, "T_world_device": [[0.10384289859834539, 0.9796604870283515, 0.17170318158399744, -0.794664], [0.15254401337283763, 0.15490634051922636, -0.9760811183764644, -0.5547510000000001], [-0.9828260153225502, 0.12755138502703495, -0.1333554190233146, -0.015107999999999998]], "gaze_centre_in_pixels": [696, 582], "gaze_direction_in_world": [-0.27990549323437375, -0.9303827799015043, -0.23672937654623863]}
{"frame_index": 89, "tracking_timestamp_ns": 29340222037, "slam_timestamp_ns": 29339340000, "gaze_timestamp_ns": 29373654000, "T_world_device": [[0.096756828133167, 0.9722893836598476, 0.21281792836122232, -0.808919], [0.15180124269337653, 0.1969038878381819, -0.9685996291920389, -0.5709010000000001], [-0.9836638139762768, 0.12602465384424688, -0.1285429410628307, -0.012047]], "gaze_centre_in_pixels": [696, 582], "gaze_direction_in_world": [-0.2403769036434367, -0.9425949597843434, -0.23180527600541373]}
{"frame_index": 90, "tracking_timestamp_ns": 29373549375, "slam_timestamp_ns": 29373642000, "gaze_timestamp_ns": 29373654000, "T_world_device": [[0.09003150451107433, 0.9624801482742706, 0.25598103908963826, -0.8228290000000001], [0.1511778792308081, 0.24083930965154776, -0.958718767813503, -0.5893999999999999], [-0.9843980785367006, 0.1250135636821234, -0.1238225822245207, -0.010252]], "gaze_centre_in_pixels": [696, 582], "gaze_direction_in_world": [-0.19790609277864646, -0.9535295993713712, -0.22718820736068668]}
{"frame_index": 91, "tracking_timestamp_ns": 29406876712, "slam_timestamp_ns": 29406230000, "gaze_timestamp_ns": 29373654000, "T_world_device": [[0.08382169154759711, 0.9516428341698802, 0.29555006377806364, -0.834596], [0.1520250351128863, 0.2809093050972036, -0.9476171964505139, -0.6078250000000002], [-0.9848158775756131, 0.12436188516954949, -0.12112724215489501, -0.011449999999999998]], "gaze_centre_in_pixels": [696, 582], "gaze_direction_in_world": [-0.15814698689965773, -0.961551357826573, -0.22451841081843046]}
{"frame_index": 92, "tracking_timestamp_ns": 29440204037, "slam_timestamp_ns": 29439179000, "gaze_timestamp_ns": 29373654000, "T_world_device": [[0.07716299809773997, 0.9388104805758971, 0.33567953956924723, -0.845157], [0.1540761205938731, 0.32141044424211374, -0.9343210772506578, -0.627426], [-0.9850413294818198, 0.12381521672613816, -0.11984728332235606, -0.014253]], "gaze_centre_in_pixels": [696, 582], "gaze_direction_in_world": [-0.11702101123127309, -0.9677355055160431, -0.22314585878751744]}
{"frame_index": 93, "tracking_timestamp_ns": 29473531337, "slam_timestamp_ns": 29473138000, "gaze_timestamp_ns": 29373654000, "T_world_device": [[0.07147552079915753, 0.9223433335520512, 0.37970254802750353, -0.8543790000000001], [0.15463328568887147, 0.36582718782783397, -0.9177467055800539, -0.6484050000000001], [-0.9853830711370846, 0.1243110763289747, -0.11647729142789465, -0.017990000000000003]], "gaze_centre_in_pixels": [696, 582], "gaze_direction_in_world": [-0.07073320475728757, -0.9728450400701081, -0.22038453157096416]}
{"frame_index": 94, "tracking_timestamp_ns": 29506862412, "slam_timestamp_ns": 29506087000, "gaze_timestamp_ns": 29573622000, "T_world_device": [[0.06836066760611204, 0.9039889534584045, 0.42205543610955376, -0.8633050000000001], [0.1539096525644768, 0.4084247977928841, -0.8997227369558489, -0.6696990000000003], [-0.9857173215338811, 0.12646405249327025, -0.11121243390489521, -0.022569]], "gaze_centre_in_pixels": [661, 443], "gaze_direction_in_world": [0.17635243389303967, -0.9744898305584546, -0.13881422548916092]}
{"frame_index": 95, "tracking_timestamp_ns": 29540189750, "slam_timestamp_ns": 29541033000, "gaze_timestamp_ns": 29573622000, "T_world_device": [[0.06767295779042015, 0.8847863519554305, 0.46105691858738784, -0.871587], [0.15142641327634665, 0.4476542164051809, -0.8812920877308071, -0.693396], [-0.9861492849189504, 0.1294558377519709, -0.10368593890098277, -0.027476]], "gaze_centre_in_pixels": [661, 443], "gaze_direction_in_world": [0.2189721005276177, -0.9667195534058708, -0.13230466451821227]}
{"frame_index": 96, "tracking_timestamp_ns": 29573517037, "slam_timestamp_ns": 29573610000, "gaze_timestamp_ns": 29573622000, "T_world_device": [[0.06641297189904627, 0.8691727746632232, 0.49002857564408486, -0.8783510000000001], [0.14696052696998985, 0.47723597982132027, -0.8663996901411538, -0.7166690000000001], [-0.9869102900852943, 0.12955503598169527, -0.09603942927538833, -0.031862]], "gaze_centre_in_pixels": [661, 443], "gaze_direction_in_world": [0.2509778805382045, -0.9598961628956832, -0.12493782429150424]}
{"frame_index": 97, "tracking_timestamp_ns": 29606844375, "slam_timestamp_ns": 29605986000, "gaze_timestamp_ns": 29573622000, "T_world_device": [[0.06195505720188066, 0.8568361746741114, 0.5118528505898423, -0.8836700000000001], [0.14000163684956257, 0.5003070108443946, -0.8544544672359027, -0.7410570000000001], [-0.9882110668104032, 0.12459801230269535, -0.08896191749092708, -0.035760999999999994]], "gaze_centre_in_pixels": [661, 443], "gaze_direction_in_world": [0.2752388622057491, -0.9542512334452886, -0.11682530633313142]}
{"frame_index": 98, "tracking_timestamp_ns": 29640171712, "slam_timestamp_ns": 29640932000, "gaze_timestamp_ns": 29573622000, "T_world_device": [[0.05384665974162339, 0.8470188393824347, 0.5288285383429141, -0.8885679999999999], [0.13161963200198795, 0.5189555612544591, -0.8446072447680819, -0.769499], [-0.989836759120579, 0.11508349653318051, -0.08354028441037498, -0.039306]], "gaze_centre_in_pixels": [661, 443], "gaze_direction_in_world": [0.29417172715777773, -0.9494999780993468, -0.10914571237730679]}
{"frame_index": 99, "tracking_timestamp_ns": 29673499037, "slam_timestamp_ns": 29673594000, "gaze_timestamp_ns": 29573622000, "T_world_device": [[0.04534060854271682, 0.8404298661127455, 0.5400202490302461, -0.8924619999999999], [0.12579329431244213, 0.5314699191777237, -0.837684768940708, -0.7981619999999999], [-0.9910198163119643, 0.10591206331167691, -0.08162327193922048, -0.041871000000000005]], "gaze_centre_in_pixels": [661, 443], "gaze_direction_in_world": [0.3066870968633946, -0.9460074855136998, -0.10494218393739331]}
{"frame_index": 100, "tracking_timestamp_ns": 29706830087, "slam_timestamp_ns": 29706907000, "gaze_timestamp_ns": 29773590000, "T_world_device": [[0.037036097918386135, 0.8365285229506926, 0.5466702458895237, -0.895637], [0.11965351568695293, 0.539397839703093, -0.8335064527089089, -0.8297070000000001], [-0.9921246714172226, 0.09628084344026633, -0.08011638753525463, -0.041266]], "gaze_centre_in_pixels": [889, 679], "gaze_direction_in_world": [-0.01604325716020741, -0.8788180117521902, -0.476887320149759]}
{"frame_index": 101, "tracking_timestamp_ns": 29740157425, "slam_timestamp_ns": 29740855000, "gaze_timestamp_ns": 29773590000, "T_world_device": [[0.030502538174575045, 0.8332251571199679, 0.5520918698072934, -0.898954], [0.11789119417890748, 0.5454944373390715, -0.8297815888335924, -0.8642500000000001], [-0.9925579386111321, 0.09039721441800391, -0.08159094389382737, -0.037323]], "gaze_centre_in_pixels": [889, 679], "gaze_direction_in_world": [-0.012550737075587716, -0.879879081929647, -0.47503187280592135]}
{"frame_index": 102, "tracking_timestamp_ns": 29773484750, "slam_timestamp_ns": 29773578000, "gaze_timestamp_ns": 29773590000, "T_world_device": [[0.026475761020300914, 0.830429512837217, 0.5564942571916969, -0.902311], [0.13461975036991564, 0.5486566118396202, -0.825138439957205, -0.8979550000000001], [-0.9905435663759254, 0.0967612861304088, -0.09726611238068306, -0.03326]], "gaze_centre_in_pixels": [889, 679], "gaze_direction_in_world": [-0.009184661794330059, -0.8718820994012593, -0.4896297036857306]}
{"frame_index": 103, "tracking_timestamp_ns": 29806812087, "slam_timestamp_ns": 29805868000, "gaze_timestamp_ns": 29873574000, "T_world_device": [[0.023722342592751744, 0.8312849910958952, 0.5553399985960041, -0.90718], [0.16730397903748884, 0.5443612656619221, -0.821997683114237, -0.929866], [-0.9856199211968759, 0.11241030213306918, -0.1261637622862306, -0.031324]], "gaze_centre_in_pixels": [1100, 837], "gaze_direction_in_world": [-0.20878747346576473, -0.6360401093241315, -0.7428733204623312]}
{"frame_index": 104, "tracking_timestamp_ns": 29840139412, "slam_timestamp_ns": 29840815000, "gaze_timestamp_ns": 29873574000, "T_world_device": [[0.01973529686386999, 0.8370863405269922, 0.5467147122227669, -0.913768], [0.21454649422899824, 0.5305370690837364, -0.8200611075658233, -0.9634649999999999], [-0.9765143725884124, 0.1334798742551357, -0.16912363317139256, -0.031672000000000006]], "gaze_centre_in_pixels": [1100, 837], "gaze_direction_in_world": [-0.2190805232140523, -0.5974010955981519, -0.7714373955975852]}
