{"frame_index": 0, "tracking_timestamp_ns": 75422834812, "slam_timestamp_ns": null, "gaze_timestamp_ns": null, "T_world_device": null, "gaze_centre_in_pixels": null, "gaze_direction_in_world": null}
{"frame_index": 1, "tracking_timestamp_ns": 75455235187, "slam_timestamp_ns": null, "gaze_timestamp_ns": null, "T_world_device": null, "gaze_centre_in_pixels": null, "gaze_direction_in_world": null}
{"frame_index": 2, "tracking_timestamp_ns": 75489513237, "slam_timestamp_ns": null, "gaze_timestamp_ns": null, "T_world_device": null, "gaze_centre_in_pixels": null, "gaze_direction_in_world": null}
{"frame_index": 3, "tracking_timestamp_ns": 75522818437, "slam_timestamp_ns": null, "gaze_timestamp_ns": null, "T_world_device": null, "gaze_centre_in_pixels": null, "gaze_direction_in_world": null}
{"frame_index": 4, "tracking_timestamp_ns": 75556140775, "slam_timestamp_ns": null, "gaze_timestamp_ns": null, "T_world_device": null, "gaze_centre_in_pixels": null, "gaze_direction_in_world": null}
{"frame_index": 5, "tracking_timestamp_ns": 75589471812, "slam_timestamp_ns": null, "gaze_timestamp_ns": null, "T_world_device": null, "gaze_centre_in_pixels": null, "gaze_direction_in_world": null}
{"frame_index": 6, "tracking_timestamp_ns": 75622799150, "slam_timestamp_ns": null, "gaze_timestamp_ns": null, "T_world_device": null, "gaze_centre_in_pixels": null, "gaze_direction_in_world": null}
{"frame_index": 7, "tracking_timestamp_ns": 75656126487, "slam_timestamp_ns": null, "gaze_timestamp_ns": null, "T_world_device": null, "gaze_centre_in_pixels": null, "gaze_direction_in_world": null}
{"frame_index": 8, "tracking_timestamp_ns": 75689453812, "slam_timestamp_ns": null, "gaze_timestamp_ns": null, "T_world_device": null, "gaze_centre_in_pixels": null, "gaze_direction_in_world": null}
{"frame_index": 9, "tracking_timestamp_ns": 75722781150, "slam_timestamp_ns": null, "gaze_timestamp_ns": null, "T_world_device": null, "gaze_centre_in_pixels": null, "gaze_direction_in_world": null}
{"frame_index": 10, "tracking_timestamp_ns": 75756108487, "slam_timestamp_ns": null, "gaze_timestamp_ns": null, "T_world_device": null, "gaze_centre_in_pixels": null, "gaze_direction_in_world": null}
{"frame_index": 11, "tracking_timestamp_ns": 75789439525, "slam_timestamp_ns": null, "gaze_timestamp_ns": null, "T_world_device": null, "gaze_centre_in_pixels": null, "gaze_direction_in_world": null}
{"frame_index": 12, "tracking_timestamp_ns": 75822766862, "slam_timestamp_ns": null, "gaze_timestamp_ns": null, "T_world_device": null, "gaze_centre_in_pixels": null, "gaze_direction_in_world": null}
{"frame_index": 13, "tracking_timestamp_ns": 75856094187, "slam_timestamp_ns": null, "gaze_timestamp_ns": null, "T_world_device": null, "gaze_centre_in_pixels": null, "gaze_direction_in_world": null}
{"frame_index": 14, "tracking_timestamp_ns": 75889421487, "slam_timestamp_ns": null, "gaze_timestamp_ns": null, "T_world_device": null, "gaze_centre_in_pixels": null, "gaze_direction_in_world": null}
{"frame_index": 15, "tracking_timestamp_ns": 75922748812, "slam_timestamp_ns": null, "gaze_timestamp_ns": null, "T_world_device": null, "gaze_centre_in_pixels": null, "gaze_direction_in_world": null}
{"frame_index": 16, "tracking_timestamp_ns": 75956079862, "slam_timestamp_ns": null, "gaze_timestamp_ns": null, "T_world_device": null, "gaze_centre_in_pixels": null, "gaze_direction_in_world": null}
{"frame_index": 17, "tracking_timestamp_ns": 75989407187, "slam_timestamp_ns": null, "gaze_timestamp_ns": null, "T_world_device": null, "gaze_centre_in_pixels": null, "gaze_direction_in_world": null}
{"frame_index": 18, "tracking_timestamp_ns": 76022734525, "slam_timestamp_ns": null, "gaze_timestamp_ns": null, "T_world_device": null, "gaze_centre_in_pixels": null, "gaze_direction_in_world": null}
{"frame_index": 19, "tracking_timestamp_ns": 76056061862, "slam_timestamp_ns": null, "gaze_timestamp_ns": null, "T_world_device": null, "gaze_centre_in_pixels": null, "gaze_direction_in_world": null}
{"frame_index": 20, "tracking_timestamp_ns": 76089389187, "slam_timestamp_ns": null, "gaze_timestamp_ns": null, "T_world_device": null, "gaze_centre_in_pixels": null, "gaze_direction_in_world": null}
{"frame_index": 21, "tracking_timestamp_ns": 76122716525, "slam_timestamp_ns": null, "gaze_timestamp_ns": null, "T_world_device": null, "gaze_centre_in_pixels": null, "gaze_direction_in_world": null}
{"frame_index": 22, "tracking_timestamp_ns": 76156047562, "slam_timestamp_ns": null, "gaze_timestamp_ns": null, "T_world_device": null, "gaze_centre_in_pixels": null, "gaze_direction_in_world": null}
{"frame_index": 23, "tracking_timestamp_ns": 76189374900, "slam_timestamp_ns": null, "gaze_timestamp_ns": null, "T_world_device": null, "gaze_centre_in_pixels": null, "gaze_direction_in_world": null}
{"frame_index": 24, "tracking_timestamp_ns": 76222702237, "slam_timestamp_ns": null, "gaze_timestamp_ns": null, "T_world_device": null, "gaze_centre_in_pixels": null, "gaze_direction_in_world": null}
{"frame_index": 25, "tracking_timestamp_ns": 76256029562, "slam_timestamp_ns": null, "gaze_timestamp_ns": null, "T_world_device": null, "gaze_centre_in_pixels": null, "gaze_direction_in_world": null}
{"frame_index": 26, "tracking_timestamp_ns": 76289356862, "slam_timestamp_ns": null, "gaze_timestamp_ns": null, "T_world_device": null, "gaze_centre_in_pixels": null, "gaze_direction_in_world": null}
{"frame_index": 27, "tracking_timestamp_ns": 76322687937, "slam_timestamp_ns": null, "gaze_timestamp_ns": null, "T_world_device": null, "gaze_centre_in_pixels": null, "gaze_direction_in_world": null}
{"frame_index": 28, "tracking_timestamp_ns": 76356015237, "slam_timestamp_ns": null, "gaze_timestamp_ns": null, "T_world_device": null, "gaze_centre_in_pixels": null, "gaze_direction_in_world": null}
{"frame_index": 29, "tracking_timestamp_ns": 76389342562, "slam_timestamp_ns": null, "gaze_timestamp_ns": null, "T_world_device": null, "gaze_centre_in_pixels": null, "gaze_direction_in_world": null}
{"frame_index": 30, "tracking_timestamp_ns": 76422669900, "slam_timestamp_ns": null, "gaze_timestamp_ns": null, "T_world_device": null, "gaze_centre_in_pixels": null, "gaze_direction_in_world": null}
{"frame_index": 31, "tracking_timestamp_ns": 76455997237, "slam_timestamp_ns": null, "gaze_timestamp_ns": null, "T_world_device": null, "gaze_centre_in_pixels": null, "gaze_direction_in_world": null}
{"frame_index": 32, "tracking_timestamp_ns": 76489324562, "slam_timestamp_ns": null, "gaze_timestamp_ns": null, "T_world_device": null, "gaze_centre_in_pixels": null, "gaze_direction_in_world": null}
{"frame_index": 33, "tracking_timestamp_ns": 76522655612, "slam_timestamp_ns": null, "gaze_timestamp_ns": null, "T_world_device": null, "gaze_centre_in_pixels": null, "gaze_direction_in_world": null}
{"frame_index": 34, "tracking_timestamp_ns": 76555982937, "slam_timestamp_ns": null, "gaze_timestamp_ns": null, "T_world_device": null, "gaze_centre_in_pixels": null, "gaze_direction_in_world": null}
{"frame_index": 35, "tracking_timestamp_ns": 76589310275, "slam_timestamp_ns": null, "gaze_timestamp_ns": null, "T_world_device": null, "gaze_centre_in_pixels": null, "gaze_direction_in_world": null}
{"frame_index": 36, "tracking_timestamp_ns": 76622637612, "slam_timestamp_ns": null, "gaze_timestamp_ns": null, "T_world_device": null, "gaze_centre_in_pixels": null, "gaze_direction_in_world": null}
{"frame_index": 37, "tracking_timestamp_ns": 76655964937, "slam_timestamp_ns": null, "gaze_timestamp_ns": null, "T_world_device": null, "gaze_centre_in_pixels": null, "gaze_direction_in_world": null}
{"frame_index": 38, "tracking_timestamp_ns": 76689295987, "slam_timestamp_ns": null, "gaze_timestamp_ns": null, "T_world_device": null, "gaze_centre_in_pixels": null, "gaze_direction_in_world": null}
{"frame_index": 39, "tracking_timestamp_ns": 76722623312, "slam_timestamp_ns": null, "gaze_timestamp_ns": null, "T_world_device": null, "gaze_centre_in_pixels": null, "gaze_direction_in_world": null}
{"frame_index": 40, "tracking_timestamp_ns": 76755950650, "slam_timestamp_ns": null, "gaze_timestamp_ns": null, "T_world_device": null, "gaze_centre_in_pixels": null, "gaze_direction_in_world": null}
{"frame_index": 41, "tracking_timestamp_ns": 76789277937, "slam_timestamp_ns": null, "gaze_timestamp_ns": null, "T_world_device": null, "gaze_centre_in_pixels": null, "gaze_direction_in_world": null}
{"frame_index": 42, "tracking_timestamp_ns": 76822605275, "slam_timestamp_ns": null, "gaze_timestamp_ns": null, "T_world_device": null, "gaze_centre_in_pixels": null, "gaze_direction_in_world": null}
{"frame_index": 43, "tracking_timestamp_ns": 76855932612, "slam_timestamp_ns": null, "gaze_timestamp_ns": null, "T_world_device": null, "gaze_centre_in_pixels": null, "gaze_direction_in_world": null}
{"frame_index": 44, "tracking_timestamp_ns": 76889263650, "slam_timestamp_ns": null, "gaze_timestamp_ns": null, "T_world_device": null, "gaze_centre_in_pixels": null, "gaze_direction_in_world": null}
{"frame_index": 45, "tracking_timestamp_ns": 76922590987, "slam_timestamp_ns": null, "gaze_timestamp_ns": null, "T_world_device": null, "gaze_centre_in_pixels": null, "gaze_direction_in_world": null}
{"frame_index": 46, "tracking_timestamp_ns": 76955918312, "slam_timestamp_ns": 76955663000, "gaze_timestamp_ns": 76922695000, "T_world_device": [[0.11183083889296319, 0.9531982477457933, -0.28090383401948293, -0.14595000000000002], [0.04008575919383861, -0.2867740474272247, -0.9571592227169214, -0.17146300000000003], [-0.9929184233270876, 0.09577967538343884, -0.07027985771964373, 0.007404]], "gaze_centre_in_pixels": [721, 484], "gaze_direction_in_world": [-0.5422614853845906, -0.820448867940697, -0.18115224691768617]}
{"frame_index": 47, "tracking_timestamp_ns": 76989245650, "slam_timestamp_ns": 76989659000, "gaze_timestamp_ns": 76922695000, "T_world_device": [[0.11078353350629411, 0.953890711187796, -0.2789615023860832, -0.14575000000000002], [0.04125398954405368, -0.28486104545457147, -0.9576806843250143, -0.172358], [-0.9929879742728807, 0.094586975277622, -0.07090971059926598, 0.007502]], "gaze_centre_in_pixels": [721, 484], "gaze_direction_in_world": [-0.5407130168012135, -0.8214154689274086, -0.1814002780276153]}
{"frame_index": 48, "tracking_timestamp_ns": 77022595312, "slam_timestamp_ns": 77022668000, "gaze_timestamp_ns": 76922695000, "T_world_device": [[0.11095631095545333, 0.9542302803839998, -0.2777287688688906, -0.14571100000000003], [0.0423008419675146, -0.28373561539822134, -0.9579690701287968, -0.173135], [-0.9929246375370067, 0.09454455326916178, -0.07184700146240264, 0.007535999999999999]], "gaze_centre_in_pixels": [721, 484], "gaze_direction_in_world": [-0.5396280791542952, -0.8219356003064191, -0.18227288645646642]}
{"frame_index": 49, "tracking_timestamp_ns": 77055904025, "slam_timestamp_ns": 77055564000, "gaze_timestamp_ns": 77122663000, "T_world_device": [[0.11234700636013084, 0.9541036887298304, -0.27760457725701826, -0.14572700000000002], [0.0421242825415894, -0.28369518215046896, -0.957988824801714, -0.17344400000000004], [-0.992775752616004, 0.09593328294571946, -0.07206323779142543, 0.007649]], "gaze_centre_in_pixels": [758, 499], "gaze_direction_in_world": [-0.5446337087179707, -0.8033284005291736, -0.2409099504614706]}
{"frame_index": 50, "tracking_timestamp_ns": 77089231362, "slam_timestamp_ns": 77089560000, "gaze_timestamp_ns": 77122663000, "T_world_device": [[0.1145601906400242, 0.9538097500296574, -0.27771014289882184, -0.145875], [0.04164688642110265, -0.2839160664857854, -0.9579442593609857, -0.17378500000000002], [-0.9925429459584858, 0.09817651419561613, -0.07224868502920301, 0.0077280000000000005]], "gaze_centre_in_pixels": [758, 499], "gaze_direction_in_world": [-0.5443211846474796, -0.8032858600489693, -0.24175664414727488]}
{"frame_index": 51, "tracking_timestamp_ns": 77122558687, "slam_timestamp_ns": 77122652000, "gaze_timestamp_ns": 77122663000, "T_world_device": [[0.11640865086875918, 0.9539075981223148, -0.2766031819184862, -0.14594300000000004], [0.0423170366554258, -0.28300723715654064, -0.9581837882816242, -0.17422600000000002], [-0.9922994983429239, 0.09983585508992837, -0.07331103345911871, 0.007597]], "gaze_centre_in_pixels": [758, 499], "gaze_direction_in_world": [-0.5430470744008944, -0.8037001163331502, -0.24324061747724288]}
{"frame_index": 52, "tracking_timestamp_ns": 77155885987, "slam_timestamp_ns": 77156457000, "gaze_timestamp_ns": 77222647000, "T_world_device": [[0.11763070924931185, 0.954476877338341, -0.2741111213868445, -0.14600800000000003], [0.04398836964309716, -0.28076466040678594, -0.9587680787358351, -0.17468], [-0.9920826777933611, 0.10072286777644812, -0.07501242783194062, 0.0073230000000000005]], "gaze_centre_in_pixels": [752, 521], "gaze_direction_in_world": [-0.5688200996609674, -0.7860975937703977, -0.2418558812393819]}
{"frame_index": 53, "tracking_timestamp_ns": 77189213312, "slam_timestamp_ns": 77189455000, "gaze_timestamp_ns": 77222647000, "T_world_device": [[0.1186577298011473, 0.9551951691557846, -0.2711503862801789, -0.14610700000000001], [0.04604349861455004, -0.2780790335754295, -0.9594540360648276, -0.175128], [-0.9918670976465396, 0.10136192533297456, -0.07697675427700679, 0.006954999999999999]], "gaze_centre_in_pixels": [752, 521], "gaze_direction_in_world": [-0.5661800370669106, -0.787380232061684, -0.243869915703845]}
{"frame_index": 54, "tracking_timestamp_ns": 77222540650, "slam_timestamp_ns": 77222636000, "gaze_timestamp_ns": 77222647000, "T_world_device": [[0.1201458218039041, 0.9558507413145452, -0.2681684952254815, -0.14629600000000004], [0.04808042204627333, -0.2754107252014313, -0.9601235365617667, -0.17555500000000002], [-0.9915912739223338, 0.10246117690352918, -0.07904715496858183, 0.0065710000000000005]], "gaze_centre_in_pixels": [752, 521], "gaze_direction_in_world": [-0.5634347739863487, -0.7886441209583301, -0.24613351242936168]}
{"frame_index": 55, "tracking_timestamp_ns": 77255871687, "slam_timestamp_ns": 77256305000, "gaze_timestamp_ns": 77222647000, "T_world_device": [[0.1211911971924533, 0.9564100601241043, -0.2656924737670743, -0.14653100000000002], [0.04973957196426909, -0.27318031054674474, -0.9606760603400065, -0.175883], [-0.9913822011231952, 0.10321005194743293, -0.08067847589746013, 0.006174]], "gaze_centre_in_pixels": [752, 521], "gaze_direction_in_world": [-0.5611867654789725, -0.7897000240272434, -0.2478775631286947]}
{"frame_index": 56, "tracking_timestamp_ns": 77289199025, "slam_timestamp_ns": 77288257000, "gaze_timestamp_ns": 77222647000, "T_world_device": [[0.12188498557830907, 0.9567242332140324, -0.2642400270049884, -0.14685], [0.05097643850561062, -0.2719076047438078, -0.9609722458009746, -0.176102], [-0.9912343078242697, 0.10365807283326639, -0.08191184852409417, 0.00585]], "gaze_centre_in_pixels": [752, 521], "gaze_direction_in_world": [-0.5598520913357025, -0.7902446550564751, -0.24915661938169117]}
{"frame_index": 57, "tracking_timestamp_ns": 77322526362, "slam_timestamp_ns": 77322620000, "gaze_timestamp_ns": 77222647000, "T_world_device": [[0.12252032603098373, 0.956730502949305, -0.2639233116563059, -0.14726800000000004], [0.052205518324706546, -0.2717713808900455, -0.9609447957013799, -0.17622900000000002], [-0.9910920005558063, 0.10395701638411964, -0.0832441299960649, 0.005485]], "gaze_centre_in_pixels": [752, 521], "gaze_direction_in_world": [-0.5594724688198344, -0.7900962329027713, -0.2504765445815022]}
{"frame_index": 58, "tracking_timestamp_ns": 77355853687, "slam_timestamp_ns": 77356172000, "gaze_timestamp_ns": 77422615000, "T_world_device": [[0.12282691731709439, 0.9564138777034079, -0.2649264858761957, -0.14764600000000003], [0.05351228313282724, -0.2729419960313706, -0.9605410466795904, -0.17633900000000002], [-0.9909843510047429, 0.10380347459859729, -0.08470451419473779, 0.005291]], "gaze_centre_in_pixels": [744, 483], "gaze_direction_in_world": [-0.5179303197121877, -0.8237226250295363, -0.23071458761266259]}
{"frame_index": 59, "tracking_timestamp_ns": 77389181025, "slam_timestamp_ns": 77389170000, "gaze_timestamp_ns": 77422615000, "T_world_device": [[0.12257003138893896, 0.9560202491679782, -0.2664617619586558, -0.14790300000000003], [0.05510229905319386, -0.2746273895134492, -0.9599705899495466, -0.176383], [-0.9909290206893564, 0.10298096964888737, -0.08634000142348874, 0.005105]], "gaze_centre_in_pixels": [744, 483], "gaze_direction_in_world": [-0.5193008771063835, -0.8224932420602143, -0.2320160895322091]}
{"frame_index": 60, "tracking_timestamp_ns": 77422508362, "slam_timestamp_ns": 77422604000, "gaze_timestamp_ns": 77422615000, "T_world_device": [[0.12189155307614741, 0.9558010542416837, -0.26755708549610635, -0.14793700000000004], [0.05726930549442605, -0.27589076627190434, -0.9594813764394219, -0.17643200000000003], [-0.9908898404650593, 0.10162986665536594, -0.08836681654751244, 0.004880000000000001]], "gaze_centre_in_pixels": [744, 483], "gaze_direction_in_world": [-0.5203567240179356, -0.8213953686222268, -0.23353485430504367]}
{"frame_index": 61, "tracking_timestamp_ns": 77455839400, "slam_timestamp_ns": 77454990000, "gaze_timestamp_ns": 77422615000, "T_world_device": [[0.12105912711032019, 0.9558316071426414, -0.267825739111092, -0.14772600000000002], [0.059755734964389295, -0.2763380965439266, -0.959200974007713, -0.17673400000000003], [-0.9908450635100087, 0.10011590875377857, -0.0905696689419373, 0.004661]], "gaze_centre_in_pixels": [744, 483], "gaze_direction_in_world": [-0.5207210713100013, -0.8206971183856487, -0.2351718643189637]}
{"frame_index": 62, "tracking_timestamp_ns": 77489166737, "slam_timestamp_ns": 77488986000, "gaze_timestamp_ns": 77422615000, "T_world_device": [[0.11995021695609065, 0.9559830518032182, -0.2677841483680327, -0.14740200000000003], [0.06171179385922915, -0.2763898359542205, -0.9590622050106423, -0.17708900000000002], [-0.9908600304537785, 0.09851427940255603, -0.0921484498129641, 0.004475]], "gaze_centre_in_pixels": [744, 483], "gaze_direction_in_world": [-0.5208603521804178, -0.82031376800991, -0.2361986781078053]}
{"frame_index": 63, "tracking_timestamp_ns": 77522494062, "slam_timestamp_ns": 77522588000, "gaze_timestamp_ns": 77422615000, "T_world_device": [[0.1190166720943826, 0.9560834702349912, -0.26784217312998926, -0.14709900000000004], [0.06299392117066921, -0.2764871472020407, -0.9589507929646968, -0.17743000000000003], [-0.9908919202713896, 0.09725870334059622, -0.09313402689341954, 0.004366]], "gaze_centre_in_pixels": [744, 483], "gaze_direction_in_world": [-0.5210578315019564, -0.8200244364660118, -0.23676710039420334]}
{"frame_index": 64, "tracking_timestamp_ns": 77555821400, "slam_timestamp_ns": 77555833000, "gaze_timestamp_ns": 77622583000, "T_world_device": [[0.11869819655427483, 0.9560031802367812, -0.2682697476644046, -0.14683700000000002], [0.06381611980624419, -0.2769662991028108, -0.9587581405204169, -0.17748500000000003], [-0.9908775105872764, 0.09668292785416094, -0.09388381369495646, 0.004073]], "gaze_centre_in_pixels": [741, 487], "gaze_direction_in_world": [-0.5271163857165588, -0.8168703932721814, -0.23424576091033927]}
{"frame_index": 65, "tracking_timestamp_ns": 77589148687, "slam_timestamp_ns": 77588832000, "gaze_timestamp_ns": 77622583000, "T_world_device": [[0.11887742808646107, 0.9557011206611303, -0.26926478614666266, -0.14675500000000002], [0.063786106064607, -0.27797832360680164, -0.958467205635053, -0.17751600000000003], [-0.9908579564017554, 0.09676476410249768, -0.09400580122271718, 0.0038480000000000003]], "gaze_centre_in_pixels": [741, 487], "gaze_direction_in_world": [-0.5279465111486051, -0.8162945851701865, -0.2343835138994395]}
{"frame_index": 66, "tracking_timestamp_ns": 77622479775, "slam_timestamp_ns": 77622572000, "gaze_timestamp_ns": 77622583000, "T_world_device": [[0.1197128236826357, 0.9551901034723413, -0.2707040931985113, -0.14684100000000003], [0.06341373510554954, -0.279464868597592, -0.9580595416881428, -0.17753800000000003], [-0.9907812765923131, 0.0975256553335011, -0.0940277007369521, 0.003626]], "gaze_centre_in_pixels": [741, 487], "gaze_direction_in_world": [-0.529057376523325, -0.8155059688142327, -0.2346237566288134]}
{"frame_index": 67, "tracking_timestamp_ns": 77655807062, "slam_timestamp_ns": 77655716000, "gaze_timestamp_ns": 77722567000, "T_world_device": [[0.12138967281939173, 0.9546564231739207, -0.2718375636765037, -0.14704700000000004], [0.06342914590419041, -0.2807635237186834, -0.9576787494765318, -0.17775400000000002], [-0.9905762417818561, 0.09900988557636392, -0.09463483383770166, 0.003609]], "gaze_centre_in_pixels": [739, 479], "gaze_direction_in_world": [-0.5213962330547428, -0.8215622795507443, -0.23061090385259128]}
{"frame_index": 68, "tracking_timestamp_ns": 77689134400, "slam_timestamp_ns": 77688714000, "gaze_timestamp_ns": 77722567000, "T_world_device": [[0.1233969714138472, 0.9542426262042281, -0.27238611892082276, -0.14730600000000002], [0.06349483535991368, -0.2815136197406485, -0.9574541700693228, -0.17806000000000002], [-0.9903239840216473, 0.10085183307890977, -0.0953274065319949, 0.003546]], "gaze_centre_in_pixels": [739, 479], "gaze_direction_in_world": [-0.5215706903277869, -0.8211239553976807, -0.231774599262006]}
{"frame_index": 69, "tracking_timestamp_ns": 77722461737, "slam_timestamp_ns": 77722556000, "gaze_timestamp_ns": 77722567000, "T_world_device": [[0.1256622325028116, 0.9540160429692919, -0.27214406677277303, -0.14758600000000002], [0.06364872912316416, -0.28150629177806885, -0.9574461065618091, -0.17849000000000004], [-0.9900292130050585, 0.10299319126318529, -0.09609661778652545, 0.0034480000000000005]], "gaze_centre_in_pixels": [739, 479], "gaze_direction_in_world": [-0.5210189113237695, -0.8211010214543963, -0.23309312861931605]}
{"frame_index": 70, "tracking_timestamp_ns": 77755789062, "slam_timestamp_ns": 77755592000, "gaze_timestamp_ns": 77722567000, "T_world_device": [[0.128335432373615, 0.9539250197471039, -0.27121407319305035, -0.14766500000000002], [0.06417187561369375, -0.2808900014568825, -0.9575921770053125, -0.17876100000000003], [-0.9896524577737875, 0.10548869030394059, -0.09726329749839602, 0.0030340000000000002]], "gaze_centre_in_pixels": [739, 479], "gaze_direction_in_world": [-0.519806536735885, -0.8213593824097538, -0.2348827990596863]}
{"frame_index": 71, "tracking_timestamp_ns": 77789116400, "slam_timestamp_ns": 77789548000, "gaze_timestamp_ns": 77722567000, "T_world_device": [[0.13164717544499993, 0.9538732483431203, -0.26980520249375695, -0.14779200000000003], [0.06523702728002184, -0.2799206121954636, -0.957804041095976, -0.179182], [-0.9891476894119597, 0.10849090728471467, -0.09907861306821109, 0.002526]], "gaze_centre_in_pixels": [739, 479], "gaze_direction_in_world": [-0.5180782630117103, -0.8217213764008833, -0.23742134057537237]}
{"frame_index": 72, "tracking_timestamp_ns": 77822447437, "slam_timestamp_ns": 77822492000, "gaze_timestamp_ns": 77722567000, "T_world_device": [[0.13444697773912595, 0.953982585853693, -0.2680321549081684, -0.14796200000000004], [0.0665787896491497, -0.27857334506892384, -0.9581044599551578, -0.17973600000000003], [-0.988681584204778, 0.11096899253850911, -0.10096835023570061, 0.002027]], "gaze_centre_in_pixels": [739, 479], "gaze_direction_in_world": [-0.5161084692586316, -0.8222458172100897, -0.23988302157515004]}
{"frame_index": 73, "tracking_timestamp_ns": 77855774775, "slam_timestamp_ns": 77855456000, "gaze_timestamp_ns": 77922535000, "T_world_device": [[0.1359792932220062, 0.9544306403952609, -0.2656535045685188, -0.14808100000000002], [0.06787969322061937, -0.27648955607536685, -0.9586166452912872, -0.180161], [-0.988383518206935, 0.11231953550446655, -0.10238331348878438, 0.001541]], "gaze_centre_in_pixels": [790, 526], "gaze_direction_in_world": [-0.547627357531627, -0.7697219024767701, -0.32807387907370705]}
{"frame_index": 74, "tracking_timestamp_ns": 77889102112, "slam_timestamp_ns": 77888454000, "gaze_timestamp_ns": 77922535000, "T_world_device": [[0.1360742110146147, 0.9553818707165762, -0.26216271703437394, -0.14804800000000004], [0.06922875803630757, -0.273146926997077, -0.9594780535962267, -0.18073], [-0.9882768782874061, 0.11241101982523094, -0.10330815294230633, 0.001171]], "gaze_centre_in_pixels": [790, 526], "gaze_direction_in_world": [-0.5447375685207009, -0.7714041478683202, -0.3289325494591638]}
{"frame_index": 75, "tracking_timestamp_ns": 77922429437, "slam_timestamp_ns": 77922357000, "gaze_timestamp_ns": 77922535000, "T_world_device": [[0.13551136633208716, 0.9565370199733414, -0.258212313833656, -0.14791800000000005], [0.07026381564560241, -0.2692381876590244, -0.9605070507377885, -0.18141700000000002], [-0.988281167383924, 0.11201664040044867, -0.10369477550804995, 0.0008660000000000001]], "gaze_centre_in_pixels": [790, 526], "gaze_direction_in_world": [-0.5416269799259731, -0.7734983644117536, -0.32915117327545956]}
{"frame_index": 76, "tracking_timestamp_ns": 77955756775, "slam_timestamp_ns": 77956349000, "gaze_timestamp_ns": 77922535000, "T_world_device": [[0.13498003712603146, 0.95739413347008, -0.2552975964918781, -0.14789100000000002], [0.07083993514847325, -0.2663207101761711, -0.9612777865525759, -0.18247], [-0.9883127506845265, 0.11166804613825021, -0.10376971767355991, 0.000742]], "gaze_centre_in_pixels": [790, 526], "gaze_direction_in_world": [-0.539356494412484, -0.7751027623035636, -0.3291052716145122]}
{"frame_index": 77, "tracking_timestamp_ns": 77989087812, "slam_timestamp_ns": 77988348000, "gaze_timestamp_ns": 77922535000, "T_world_device": [[0.1347531263633821, 0.9578069019341293, -0.2538651877328586, -0.14801000000000003], [0.07135389361516803, -0.26491660655609683, -0.9616276896162868, -0.18341500000000002], [-0.9883067422623655, 0.11146806797530567, -0.1040415927434939, 0.0006100000000000001]], "gaze_centre_in_pixels": [790, 526], "gaze_direction_in_world": [-0.5382309995673455, -0.7758088742455136, -0.32928404417257295]}
{"frame_index": 78, "tracking_timestamp_ns": 78022415150, "slam_timestamp_ns": 78022251000, "gaze_timestamp_ns": 77922535000, "T_world_device": [[0.13468889539652795, 0.9579509644820094, -0.25335518764148307, -0.14825000000000002], [0.07189958522309464, -0.2644592901791534, -0.961712916354296, -0.18441000000000002], [-0.9882759488632769, 0.1113159174867916, -0.10449600668189984, 0.000449]], "gaze_centre_in_pixels": [790, 526], "gaze_direction_in_world": [-0.5378259971981467, -0.7759377735031023, -0.3296418789972954]}
{"frame_index": 79, "tracking_timestamp_ns": 78055742437, "slam_timestamp_ns": 78055213000, "gaze_timestamp_ns": 78122503000, "T_world_device": [[0.13484585927071024, 0.9580158123536582, -0.2530262783149299, -0.14856700000000003], [0.07230165212939293, -0.2641910910658234, -0.9617564860716095, -0.185141], [-0.9882252098266386, 0.11139466181918406, -0.10489120068568925, 0.000378]], "gaze_centre_in_pixels": [770, 541], "gaze_direction_in_world": [-0.5641899900138942, -0.7679484479033888, -0.30322406984093114]}
{"frame_index": 80, "tracking_timestamp_ns": 78089069775, "slam_timestamp_ns": 78088211000, "gaze_timestamp_ns": 78122503000, "T_world_device": [[0.13480117443877782, 0.9582778476744045, -0.2520559660599942, -0.14881800000000003], [0.07285989852665148, -0.2632751501846078, -0.9619655037900051, -0.186038], [-0.9881903048282819, 0.11130930757031499, -0.10530982618732598, 0.000324]], "gaze_centre_in_pixels": [770, 541], "gaze_direction_in_world": [-0.5634087872741345, -0.7683856725885947, -0.3035687674693528]}
{"frame_index": 81, "tracking_timestamp_ns": 78122397112, "slam_timestamp_ns": 78122113000, "gaze_timestamp_ns": 78122503000, "T_world_device": [[0.13413240725455777, 0.9591331933455476, -0.24914255908389105, -0.14888500000000002], [0.07420887536082038, -0.26043049484278136, -0.9626364839198787, -0.18729400000000002], [-0.9881809248016175, 0.1106321597851046, -0.1061083647951635, 0.00038700000000000003]], "gaze_centre_in_pixels": [770, 541], "gaze_direction_in_world": [-0.5611784977372858, -0.7698281660313859, -0.30404487902623173]}
{"frame_index": 82, "tracking_timestamp_ns": 78155724437, "slam_timestamp_ns": 78155072000, "gaze_timestamp_ns": 78222487000, "T_world_device": [[0.13201954658754644, 0.9607719314443155, -0.2439018964001271, -0.14828400000000003], [0.0759765239340906, -0.2551396179375276, -0.9639145932963071, -0.189316], [-0.9883311222104216, 0.10872474928668358, -0.10667952832121386, 0.000595]], "gaze_centre_in_pixels": [744, 528], "gaze_direction_in_world": [-0.5525380582605477, -0.791284323552863, -0.261860293807885]}
{"frame_index": 83, "tracking_timestamp_ns": 78189055487, "slam_timestamp_ns": 78189022000, "gaze_timestamp_ns": 78222487000, "T_world_device": [[0.1280551237770291, 0.9634075281182677, -0.23547360794683364, -0.14736100000000002], [0.07762806181390519, -0.24643649272399903, -0.9660449984720748, -0.192009], [-0.9887243141004809, 0.10542765206028137, -0.106344914723695, 0.000749]], "gaze_centre_in_pixels": [744, 528], "gaze_direction_in_world": [-0.5461788299166365, -0.7961590971822536, -0.2604215385194412]}
{"frame_index": 84, "tracking_timestamp_ns": 78222382812, "slam_timestamp_ns": 78221973000, "gaze_timestamp_ns": 78222487000, "T_world_device": [[0.12332647297886234, 0.9666650876345843, -0.22438625049457855, -0.14621900000000004], [0.07834512303251373, -0.23489079876660135, -0.9688593057569344, -0.19531700000000002], [-0.9892687313160233, 0.10190643258994975, -0.10470174896904005, 0.000786]], "gaze_centre_in_pixels": [744, 528], "gaze_direction_in_world": [-0.5376772293144882, -0.8028003399413334, -0.2577107123632517]}
{"frame_index": 85, "tracking_timestamp_ns": 78255710150, "slam_timestamp_ns": 78254949000, "gaze_timestamp_ns": 78222487000, "T_world_device": [[0.12018001118705968, 0.9699205629191856, -0.21168577311101672, -0.14497900000000002], [0.07849761061670463, -0.22184779598042614, -0.9719164987518711, -0.19925700000000002], [-0.9896438197849502, 0.10018810830212338, -0.10279811727991772, 0.0009690000000000001]], "gaze_centre_in_pixels": [744, 528], "gaze_direction_in_world": [-0.5274831088097185, -0.8102725526966583, -0.2553819889241917]}
{"frame_index": 86, "tracking_timestamp_ns": 78289037487, "slam_timestamp_ns": 78288899000, "gaze_timestamp_ns": 78222487000, "T_world_device": [[0.12025749112742812, 0.9726803819497893, -0.19857243111204703, -0.14393000000000003], [0.07763489062908424, -0.20862585879467987, -0.9749092649058131, -0.20400800000000002], [-0.9897024601286727, 0.10182399330312314, -0.10060275743268132, 0.001108]], "gaze_centre_in_pixels": [744, 528], "gaze_direction_in_world": [-0.5163243626154611, -0.8178767542379208, -0.2539424490843964]}
{"frame_index": 87, "tracking_timestamp_ns": 78322364812, "slam_timestamp_ns": 78322460000, "gaze_timestamp_ns": 78222487000, "T_world_device": [[0.12434789518308376, 0.9742983767391977, -0.18783043961749385, -0.14345400000000003], [0.0746433115383518, -0.1979484674087013, -0.9773662467535569, -0.20925200000000002], [-0.9894270953466582, 0.10751314958604091, -0.09733933254324345, 0.001385]], "gaze_centre_in_pixels": [744, 528], "gaze_direction_in_world": [-0.506447412414702, -0.8243432697488661, -0.25292131598226536]}
{"frame_index": 88, "tracking_timestamp_ns": 78355695862, "slam_timestamp_ns": 78354858000, "gaze_timestamp_ns": 78422455000, "T_world_device": [[0.1317179994536033, 0.9747120090208801, -0.18051833172955084, -0.14378600000000002], [0.06879362759886004, -0.19065407837715886, -0.9792438200979086, -0.21476800000000004], [-0.9888972673749936, 0.11656552607283038, -0.09216654875622887, 0.0014589999999999998]], "gaze_centre_in_pixels": [732, 582], "gaze_direction_in_world": [-0.5708114008775581, -0.7838958112754719, -0.24429838659510045]}
{"frame_index": 89, "tracking_timestamp_ns": 78389023187, "slam_timestamp_ns": 78389806000, "gaze_timestamp_ns": 78422455000, "T_world_device": [[0.14198928889360307, 0.9742316233157975, -0.17524778449656597, -0.14481500000000003], [0.061414488014194246, -0.1853707549197614, -0.9807476453616557, -0.221165], [-0.9879611847139761, 0.12849290778849864, -0.08615259802590414, 0.0014140000000000001]], "gaze_centre_in_pixels": [732, 582], "gaze_direction_in_world": [-0.564739435442779, -0.7883693174798138, -0.24401473175237584]}
{"frame_index": 90, "tracking_timestamp_ns": 78422350525, "slam_timestamp_ns": 78421758000, "gaze_timestamp_ns": 78422455000, "T_world_device": [[0.15052279575218208, 0.9735127535169859, -0.17209243649481926, -0.14634700000000003], [0.05483452006692874, -0.1820292801305876, -0.9817629635427126, -0.227275], [-0.987084628270533, 0.13834109987605492, -0.08078166077215121, 0.000791]], "gaze_centre_in_pixels": [732, 582], "gaze_direction_in_world": [-0.5606483476283708, -0.7914711302653857, -0.24340682048375384]}
{"frame_index": 91, "tracking_timestamp_ns": 78455677812, "slam_timestamp_ns": 78455706000, "gaze_timestamp_ns": 78422455000, "T_world_device": [[0.1549337724537848, 0.9734962638141043, -0.16822767457591198, -0.14920000000000003], [0.048922243894515605, -0.17763525712162753, -0.9828796108779849, -0.234022], [-0.9867127951970445, 0.14405117065582435, -0.07514732215536513, -0.00022500000000000002]], "gaze_centre_in_pixels": [732, 582], "gaze_direction_in_world": [-0.5566931125709272, -0.7950466314499194, -0.24081867086301476]}
{"frame_index": 92, "tracking_timestamp_ns": 78489005150, "slam_timestamp_ns": 78489656000, "gaze_timestamp_ns": 78422455000, "T_world_device": [[0.15649872605221926, 0.9741738403311428, -0.1627681712083332, -0.15339000000000003], [0.0473144203060602, -0.17200411020680106, -0.9839593140486389, -0.240821], [-0.9865442181550373, 0.14628709747082752, -0.0730108946557062, -0.0012320000000000002]], "gaze_centre_in_pixels": [732, 582], "gaze_direction_in_world": [-0.5519357783688031, -0.7986436451901862, -0.23986501319232806]}
{"frame_index": 93, "tracking_timestamp_ns": 78522332487, "slam_timestamp_ns": 78521608000, "gaze_timestamp_ns": 78422455000, "T_world_device": [[0.15908179561877156, 0.9747306486520388, -0.15682201657000633, -0.15877000000000002], [0.04987492233972324, -0.16657651695795828, -0.9847663459520548, -0.24687800000000001], [-0.9860048044630991, 0.1488369126814017, -0.07511390682926145, -0.002324]], "gaze_centre_in_pixels": [732, 582], "gaze_direction_in_world": [-0.5465766825027651, -0.8014396627589361, -0.24279290990701216]}
{"frame_index": 94, "tracking_timestamp_ns": 78555663525, "slam_timestamp_ns": 78556423000, "gaze_timestamp_ns": 78622423000, "T_world_device": [[0.16461074362867, 0.9747346434160996, -0.15098237647654728, -0.165853], [0.055389507694242, -0.16196380127339105, -0.9852409499784627, -0.252592], [-0.9848021656756276, 0.15381840592582957, -0.08065105379987969, -0.003811]], "gaze_centre_in_pixels": [730, 641], "gaze_direction_in_world": [-0.615507806469539, -0.744187772531431, -0.25948930496219663]}
{"frame_index": 95, "tracking_timestamp_ns": 78588990862, "slam_timestamp_ns": 78589374000, "gaze_timestamp_ns": 78622423000, "T_world_device": [[0.1709547245991545, 0.9741284441496133, -0.14781155717967642, -0.17452700000000002], [0.05994249268140017, -0.16002498568632806, -0.9852912775048963, -0.257194], [-0.9834538015119813, 0.15958000581132947, -0.08574871449117172, -0.005184]], "gaze_centre_in_pixels": [730, 641], "gaze_direction_in_world": [-0.6117901895125036, -0.7447227910054497, -0.26664719869765746]}
{"frame_index": 96, "tracking_timestamp_ns": 78622318187, "slam_timestamp_ns": 78621326000, "gaze_timestamp_ns": 78622423000, "T_world_device": [[0.17557973823572015, 0.9732716780323429, -0.14803376730051782, -0.184925], [0.06065463363387957, -0.16077883185697184, -0.9851249578837439, -0.26104499999999997], [-0.9825949170130162, 0.1639890483136469, -0.08726294226857512, -0.0066820000000000004]], "gaze_centre_in_pixels": [730, 641], "gaze_direction_in_world": [-0.6110108076209715, -0.7441099292896259, -0.2701225760704867]}
{"frame_index": 97, "tracking_timestamp_ns": 78655645525, "slam_timestamp_ns": 78655276000, "gaze_timestamp_ns": 78722407000, "T_world_device": [[0.1783988429337079, 0.9724892748754449, -0.1497947365301796, -0.19786600000000001], [0.059366288586345184, -0.16259762531380817, -0.9849048969427423, -0.264675], [-0.9821657174934367, 0.16681313645676205, -0.0867403071591335, -0.008606]], "gaze_centre_in_pixels": [728, 630], "gaze_direction_in_world": [-0.5981098144674863, -0.75604215144142, -0.26582873261086354]}
{"frame_index": 98, "tracking_timestamp_ns": 78688972862, "slam_timestamp_ns": 78689226000, "gaze_timestamp_ns": 78722407000, "T_world_device": [[0.18173924353018056, 0.9716015272925846, -0.1515299294654201, -0.21243700000000004], [0.0585317729093458, -0.16451136839286873, -0.9846370098821166, -0.26782900000000004], [-0.9816032186790989, 0.17007786990735585, -0.08676773159769824, -0.011287]], "gaze_centre_in_pixels": [728, 630], "gaze_direction_in_world": [-0.598784983550155, -0.7549411345240922, -0.26743303251153794]}
{"frame_index": 99, "tracking_timestamp_ns": 78722303900, "slam_timestamp_ns": 78722224000, "gaze_timestamp_ns": 78722407000, "T_world_device": [[0.18568034812172118, 0.970868990638475, -0.15144705787180335, -0.22790100000000002], [0.05912588091400839, -0.16488732618454516, -0.9845386228431336, -0.270479], [-0.980829719435305, 0.17385503352028797, -0.08801982045040013, -0.014529]], "gaze_centre_in_pixels": [728, 630], "gaze_direction_in_world": [-0.5979138629751697, -0.7546026004208706, -0.27032189681964375]}
{"frame_index": 100, "tracking_timestamp_ns": 78755631237, "slam_timestamp_ns": 78755061000, "gaze_timestamp_ns": 78722407000, "T_world_device": [[0.18806657374634017, 0.9710362366760588, -0.1473756794770073, -0.244157], [0.062172653065697636, -0.16152247829475264, -0.9849086506962428, -0.272777], [-0.9801864746312738, 0.17606565839912797, -0.09074887813299304, -0.018409000000000002]], "gaze_centre_in_pixels": [728, 630], "gaze_direction_in_world": [-0.5942463849497581, -0.7562789384920041, -0.2737031259732913]}
{"frame_index": 101, "tracking_timestamp_ns": 78788958562, "slam_timestamp_ns": 78789010000, "gaze_timestamp_ns": 78722407000, "T_world_device": [[0.1889764935421504, 0.9721724095319338, -0.1384510420090353, -0.261605], [0.06847716748594357, -0.15369464203562555, -0.9857427831552423, -0.27448400000000006], [-0.9795911200197844, 0.17680147950290198, -0.09561628744084016, -0.02298]], "gaze_centre_in_pixels": [728, 630], "gaze_direction_in_world": [-0.5870673937331392, -0.7602416029835917, -0.278180841015909]}
{"frame_index": 102, "tracking_timestamp_ns": 78822285900, "slam_timestamp_ns": 78822380000, "gaze_timestamp_ns": 78722407000, "T_world_device": [[0.1880498909153534, 0.9741416883748284, -0.1252406064220496, -0.27931000000000006], [0.07708532590081268, -0.1417609103937414, -0.9868949776015195, -0.27542000000000005], [-0.9791297621140364, 0.1759312799208168, -0.101750153257546, -0.027684]], "gaze_centre_in_pixels": [728, 630], "gaze_direction_in_world": [-0.5768344804280829, -0.7662902280689388, -0.282951000272693]}
{"frame_index": 103, "tracking_timestamp_ns": 78855613187, "slam_timestamp_ns": 78854823000, "gaze_timestamp_ns": 78922375000, "T_world_device": [[0.1857595605221496, 0.9764632642198607, -0.10960328144591258, -0.29718000000000006], [0.08492392515712449, -0.1270819707315911, -0.9882500187962973, -0.27545400000000003], [-0.9789184402239671, 0.1742689483071183, -0.10653178420267784, -0.031962]], "gaze_centre_in_pixels": [786, 564], "gaze_direction_in_world": [-0.4529275500495504, -0.8169803914498199, -0.35693090983075554]}
