{
    "device_version": "DeviceVersion.Gen1",
    "device_subtype": "DVT-L",
    "origin_device": "camera-slam-left",
    "origin_transforms": {
        "T_device_cpf": [
            [
                -0.03186013725398906,
                -0.9986295320622571,
                -0.04152095070292611,
                0.004993020020503572
            ],
            [
                0.7933534010715846,
                1.7481547320841173e-09,
                -0.6087613497982192,
                -0.05146009007281111
            ],
            [
                0.6079270619591686,
                -0.05233600761538676,
                0.7922661356164198,
                -0.04994988069828615
            ]
        ],
        "T_cpf_device": [
            [
                -0.03186013725398906,
                0.7933534010715846,
                0.6079270619591688,
                0.07135100000000003
            ],
            [
                -0.9986295320622571,
                1.7481547320841173e-09,
                -0.05233600761538665,
                0.002372000000000013
            ],
            [
                -0.041520950702925996,
                -0.6087613497982194,
                0.7922661356164198,
                0.008453999999999982
            ]
        ]
    },
    "cameras": {
        "camera-et-left": {
            "label": "camera-et-left",
            "model_name": "CameraModelType.KANNALA_BRANDT_K3",
            "projection_params": [
                557.4165625474316,
                556.8370039154221,
                319.5002933490102,
                239.5016816213624,
                0.009287278401109001,
                0.2087143123123099,
                -0.7664448129274013,
                0.8193304269054978
            ],
            "max_solid_angle": 0.75,
            "valid_radius": null,
            "image_size": [
                640,
                480
            ],
            "time_offset_sec_device_camera": 0.0,
            "readout_time_sec": null,
            "T_device_camera": [
                [
                    -0.6029984793988028,
                    0.5423788374575305,
                    -0.5849940431499707,
                    0.022580156421685274
                ],
                [
                    0.7809934344558425,
                    0.5508433263274966,
                    -0.29431426261281823,
                    -0.010141789757245938
                ],
                [
                    0.16261023700739025,
                    -0.6343475597168141,
                    -0.7557519992045827,
                    -0.011239127434638625
                ]
            ]
        },
        "camera-et-right": {
            "label": "camera-et-right",
            "model_name": "CameraModelType.KANNALA_BRANDT_K3",
            "projection_params": [
                558.3088927478384,
                558.225259014041,
                319.4995316790943,
                239.5004108816275,
                0.003331718418856909,
                0.2811539703617381,
                -1.026584967010055,
                1.145315494402036
            ],
            "max_solid_angle": 0.75,
            "valid_radius": null,
            "image_size": [
                640,
                480
            ],
            "time_offset_sec_device_camera": 0.0,
            "readout_time_sec": null,
            "T_device_camera": [
                [
                    0.5559939078387426,
                    0.5445514511983877,
                    -0.6279605811226799,
                    0.026132752886328568
                ],
                [
                    0.38947348525014663,
                    0.49674279038870794,
                    0.7756010601359078,
                    -0.09860545409713403
                ],
                [
                    0.7342895741690111,
                    -0.6758034604783927,
                    0.06409761362267796,
                    -0.07902664240545768
                ]
            ]
        },
        "camera-rgb": {
            "label": "camera-rgb",
            "model_name": "CameraModelType.FISHEYE624",
            "projection_params": [
                612.1977013079535,
                698.8669711541745,
                706.369684325357,
                0.399908832511974,
                -0.4556964615473712,
                0.07569279587078731,
                1.267388737684326,
                -1.787896775047683,
                0.6726855175572526,
                0.0009429749949051301,
                -3.245996114690585e-05,
                -0.002599494323404293,
                0.000557481236270731,
                -0.0004934890161561183,
                -0.000150556004288769
            ],
            "max_solid_angle": 1.0,
            "valid_radius": 707.5,
            "image_size": [
                1408,
                1408
            ],
            "time_offset_sec_device_camera": 0.0,
            "readout_time_sec": null,
            "T_device_camera": [
                [
                    0.03186013725398884,
                    0.9955057081813566,
                    0.08918136931272475,
                    -0.004541222211643256
                ],
                [
                    -0.7933534010715843,
                    0.07945917328328567,
                    -0.6035533288693606,
                    -0.012610831734988337
                ],
                [
                    -0.6079270619591686,
                    -0.05152305075859148,
                    0.7923194195387494,
                    -0.005330964713472532
                ]
            ]
        },
        "camera-slam-left": {
            "label": "camera-slam-left",
            "model_name": "CameraModelType.FISHEYE624",
            "projection_params": [
                241.8353788166757,
                321.1295711046133,
                242.1671450541228,
                -0.02638444465313224,
                0.1030126629151126,
                -0.07267794251438363,
                0.01256637662980661,
                0.001371794815650939,
                -0.0004537440679138333,
                0.0007739905175837346,
                0.001646975738149001,
                -0.00159203897815468,
                -0.0001930947610897839,
                -0.001966690697482915,
                0.0001644174646157059
            ],
            "max_solid_angle": 1.4,
            "valid_radius": 330.0,
            "image_size": [
                640,
                480
            ],
            "time_offset_sec_device_camera": 0.0,
            "readout_time_sec": null,
            "T_device_camera": [
                [
                    1.0,
                    -1.3877787807814454e-17,
                    -5.551115123125783e-17,
                    0.0
                ],
                [
                    1.387778780781446e-17,
                    1.0,
                    1.1102230246251565e-16,
                    0.0
                ],
                [
                    5.551115123125783e-17,
                    -1.1102230246251565e-16,
                    1.0,
                    0.0
                ]
            ]
        },
        "camera-slam-right": {
            "label": "camera-slam-right",
            "model_name": "CameraModelType.FISHEYE624",
            "projection_params": [
                241.8203565420377,
                315.8894889952596,
                236.4387303787517,
                -0.02668085307017628,
                0.1044747303279616,
                -0.07734586948321555,
                0.0177586734933302,
                -0.001093504049347103,
                -2.442162029700669e-05,
                -0.001292973900662168,
                -0.00169516334196777,
                0.001647044656595444,
                5.974191942238796e-08,
                0.002200207465107709,
                -6.035702182165325e-05
            ],
            "max_solid_angle": 1.4,
            "valid_radius": 330.0,
            "image_size": [
                640,
                480
            ],
            "time_offset_sec_device_camera": 0.0,
            "readout_time_sec": null,
            "T_device_camera": [
                [
                    0.9979698633083139,
                    -0.050552696498119165,
                    0.03873727926886672,
                    0.00454650530641873
                ],
                [
                    0.050552696498119234,
                    0.25881923798370043,
                    -0.9646020044175243,
                    -0.11321311703971726
                ],
                [
                    0.03873727926886664,
                    0.9646020044175243,
                    0.2608493746753865,
                    -0.08675240759569727
                ]
            ]
        }
    },
    "imus": {
        "imu-left": {
            "label": "imu-left",
            "time_offset_sec_device_accel": 0.001086835488744846,
            "time_offset_sec_device_gyro": 0.0018200997552542,
            "T_device_imu": [
                [
                    0.00028525363535647497,
                    0.996457910814717,
                    -0.08409251218231771,
                    0.001266559047611318
                ],
                [
                    0.9999851772918616,
                    -0.000741472178192204,
                    -0.005394016645618095,
                    -0.0030492926452421604
                ],
                [
                    -0.0054372628157698805,
                    -0.08408972704069567,
                    -0.9964433521175673,
                    -0.00932098753043828
                ]
            ],
            "accel_model": {
                "bias": [
                    0.1488671844297541,
                    0.06326603563173466,
                    -0.02682032247749127
                ],
                "rectification": [
                    [
                        0.9901522374690588,
                        -6.3530120773182e-05,
                        0.0006558459746475985
                    ],
                    [
                        0.0,
                        0.9922995373747735,
                        -0.007670086068546027
                    ],
                    [
                        0.0,
                        0.0,
                        0.9985015008586934
                    ]
                ]
            },
            "gyro_model": {
                "bias": [
                    -0.0003738747049560469,
                    0.001992936812605396,
                    0.009859075714179051
                ],
                "rectification": [
                    [
                        1.005969428231968,
                        -0.00456206681306668,
                        -0.001206462883706952
                    ],
                    [
                        -0.0001288357010906737,
                        0.9974225463591553,
                        -0.01055501756471071
                    ],
                    [
                        0.002478524375846734,
                        0.01059038381067322,
                        0.9765502489697825
                    ]
                ]
            }
        },
        "imu-right": {
            "label": "imu-right",
            "time_offset_sec_device_accel": 0.002843927669931089,
            "time_offset_sec_device_gyro": 0.004131190041146027,
            "T_device_imu": [
                [
                    0.9798290051679345,
                    0.05055263167257848,
                    -0.19333792194650407,
                    0.005175993944436505
                ],
                [
                    0.19982489102902104,
                    -0.2588189470136817,
                    0.9450305633110333,
                    -0.10612032897099224
                ],
                [
                    -0.0022657353896155252,
                    -0.96460208588708,
                    -0.2636999854862312,
                    -0.0896113557356184
                ]
            ],
            "accel_model": {
                "bias": [
                    0.008506061214027706,
                    0.008788037786770198,
                    -0.07282216224556838
                ],
                "rectification": [
                    [
                        1.000717825403905,
                        -0.000248023334620082,
                        0.0006646767676752588
                    ],
                    [
                        0.0,
                        0.998567836627265,
                        -0.002621983977369417
                    ],
                    [
                        0.0,
                        0.0,
                        1.001827485667138
                    ]
                ]
            },
            "gyro_model": {
                "bias": [
                    0.002263177905658141,
                    0.002010576000251525,
                    0.0005865730580463765
                ],
                "rectification": [
                    [
                        0.9979215362137527,
                        0.00163346476169839,
                        -0.0003493181987302975
                    ],
                    [
                        -0.001502754192981649,
                        0.9965518075355907,
                        -0.002040612536628916
                    ],
                    [
                        -0.001458745279790398,
                        0.003014912586687497,
                        1.001460209220071
                    ]
                ]
            }
        }
    },
    "magnetometers": {
        "mag0": {
            "label": "mag0",
            "model": {
                "bias": [
                    2.4055499999999998e-06,
                    1.70265e-06,
                    8.99409e-06
                ],
                "rectification": [
                    [
                        0.99063832634923,
                        -0.021193805276278416,
                        -0.0026539710583534165
                    ],
                    [
                        0.039335845879828205,
                        0.9868440268836661,
                        0.12133779217471684
                    ],
                    [
                        -0.0037835452285164533,
                        -0.11734741588484073,
                        0.9848020518115532
                    ]
                ]
            }
        }
    },
    "barometers": {
        "baro0": {
            "label": "baro0",
            "offset_pa": -89.1051,
            "slope": 0.9999
        }
    },
    "microphones": {
        "mic0": {
            "label": "mic0",
            "d_sensitivity_1k_dbv": -32.25
        },
        "mic1": {
            "label": "mic1",
            "d_sensitivity_1k_dbv": -31.7
        },
        "mic2": {
            "label": "mic2",
            "d_sensitivity_1k_dbv": -31.97
        },
        "mic3": {
            "label": "mic3",
            "d_sensitivity_1k_dbv": -31.68
        },
        "mic4": {
            "label": "mic4",
            "d_sensitivity_1k_dbv": -31.99
        },
        "mic5": {
            "label": "mic5",
            "d_sensitivity_1k_dbv": -32.01
        },
        "mic6": {
            "label": "mic6",
            "d_sensitivity_1k_dbv": -32.57
        }
    }
}