{"frame_index": 0, "tracking_timestamp_ns": 58431236337, "slam_timestamp_ns": null, "gaze_timestamp_ns": null, "T_world_device": null, "gaze_centre_in_pixels": null, "gaze_direction_in_world": null}
{"frame_index": 1, "tracking_timestamp_ns": 58463832787, "slam_timestamp_ns": null, "gaze_timestamp_ns": null, "T_world_device": null, "gaze_centre_in_pixels": null, "gaze_direction_in_world": null}
{"frame_index": 2, "tracking_timestamp_ns": 58497893712, "slam_timestamp_ns": null, "gaze_timestamp_ns": null, "T_world_device": null, "gaze_centre_in_pixels": null, "gaze_direction_in_world": null}
{"frame_index": 3, "tracking_timestamp_ns": 58531221000, "slam_timestamp_ns": null, "gaze_timestamp_ns": null, "T_world_device": null, "gaze_centre_in_pixels": null, "gaze_direction_in_world": null}
{"frame_index": 4, "tracking_timestamp_ns": 58564542287, "slam_timestamp_ns": null, "gaze_timestamp_ns": null, "T_world_device": null, "gaze_centre_in_pixels": null, "gaze_direction_in_world": null}
{"frame_index": 5, "tracking_timestamp_ns": 58597873337, "slam_timestamp_ns": null, "gaze_timestamp_ns": null, "T_world_device": null, "gaze_centre_in_pixels": null, "gaze_direction_in_world": null}
{"frame_index": 6, "tracking_timestamp_ns": 58631200662, "slam_timestamp_ns": null, "gaze_timestamp_ns": null, "T_world_device": null, "gaze_centre_in_pixels": null, "gaze_direction_in_world": null}
{"frame_index": 7, "tracking_timestamp_ns": 58664528000, "slam_timestamp_ns": null, "gaze_timestamp_ns": null, "T_world_device": null, "gaze_centre_in_pixels": null, "gaze_direction_in_world": null}
{"frame_index": 8, "tracking_timestamp_ns": 58697855287, "slam_timestamp_ns": null, "gaze_timestamp_ns": null, "T_world_device": null, "gaze_centre_in_pixels": null, "gaze_direction_in_world": null}
{"frame_index": 9, "tracking_timestamp_ns": 58731182625, "slam_timestamp_ns": null, "gaze_timestamp_ns": null, "T_world_device": null, "gaze_centre_in_pixels": null, "gaze_direction_in_world": null}
{"frame_index": 10, "tracking_timestamp_ns": 58764509962, "slam_timestamp_ns": null, "gaze_timestamp_ns": null, "T_world_device": null, "gaze_centre_in_pixels": null, "gaze_direction_in_world": null}
{"frame_index": 11, "tracking_timestamp_ns": 58797841000, "slam_timestamp_ns": null, "gaze_timestamp_ns": null, "T_world_device": null, "gaze_centre_in_pixels": null, "gaze_direction_in_world": null}
{"frame_index": 12, "tracking_timestamp_ns": 58831168337, "slam_timestamp_ns": null, "gaze_timestamp_ns": null, "T_world_device": null, "gaze_centre_in_pixels": null, "gaze_direction_in_world": null}
{"frame_index": 13, "tracking_timestamp_ns": 58864495662, "slam_timestamp_ns": null, "gaze_timestamp_ns": null, "T_world_device": null, "gaze_centre_in_pixels": null, "gaze_direction_in_world": null}
{"frame_index": 14, "tracking_timestamp_ns": 58897823000, "slam_timestamp_ns": null, "gaze_timestamp_ns": null, "T_world_device": null, "gaze_centre_in_pixels": null, "gaze_direction_in_world": null}
{"frame_index": 15, "tracking_timestamp_ns": 58931154037, "slam_timestamp_ns": null, "gaze_timestamp_ns": null, "T_world_device": null, "gaze_centre_in_pixels": null, "gaze_direction_in_world": null}
{"frame_index": 16, "tracking_timestamp_ns": 58964481375, "slam_timestamp_ns": null, "gaze_timestamp_ns": null, "T_world_device": null, "gaze_centre_in_pixels": null, "gaze_direction_in_world": null}
{"frame_index": 17, "tracking_timestamp_ns": 58997808712, "slam_timestamp_ns": null, "gaze_timestamp_ns": null, "T_world_device": null, "gaze_centre_in_pixels": null, "gaze_direction_in_world": null}
{"frame_index": 18, "tracking_timestamp_ns": 59031136037, "slam_timestamp_ns": null, "gaze_timestamp_ns": null, "T_world_device": null, "gaze_centre_in_pixels": null, "gaze_direction_in_world": null}
{"frame_index": 19, "tracking_timestamp_ns": 59064463375, "slam_timestamp_ns": null, "gaze_timestamp_ns": null, "T_world_device": null, "gaze_centre_in_pixels": null, "gaze_direction_in_world": null}
{"frame_index": 20, "tracking_timestamp_ns": 59097790662, "slam_timestamp_ns": null, "gaze_timestamp_ns": null, "T_world_device": null, "gaze_centre_in_pixels": null, "gaze_direction_in_world": null}
{"frame_index": 21, "tracking_timestamp_ns": 59131118000, "slam_timestamp_ns": null, "gaze_timestamp_ns": null, "T_world_device": null, "gaze_centre_in_pixels": null, "gaze_direction_in_world": null}
{"frame_index": 22, "tracking_timestamp_ns": 59164449087, "slam_timestamp_ns": null, "gaze_timestamp_ns": null, "T_world_device": null, "gaze_centre_in_pixels": null, "gaze_direction_in_world": null}
{"frame_index": 23, "tracking_timestamp_ns": 59197776375, "slam_timestamp_ns": null, "gaze_timestamp_ns": null, "T_world_device": null, "gaze_centre_in_pixels": null, "gaze_direction_in_world": null}
{"frame_index": 24, "tracking_timestamp_ns": 59231103712, "slam_timestamp_ns": null, "gaze_timestamp_ns": null, "T_world_device": null, "gaze_centre_in_pixels": null, "gaze_direction_in_world": null}
{"frame_index": 25, "tracking_timestamp_ns": 59264431037, "slam_timestamp_ns": null, "gaze_timestamp_ns": null, "T_world_device": null, "gaze_centre_in_pixels": null, "gaze_direction_in_world": null}
{"frame_index": 26, "tracking_timestamp_ns": 59297758375, "slam_timestamp_ns": null, "gaze_timestamp_ns": null, "T_world_device": null, "gaze_centre_in_pixels": null, "gaze_direction_in_world": null}
{"frame_index": 27, "tracking_timestamp_ns": 59331089412, "slam_timestamp_ns": null, "gaze_timestamp_ns": null, "T_world_device": null, "gaze_centre_in_pixels": null, "gaze_direction_in_world": null}
{"frame_index": 28, "tracking_timestamp_ns": 59364416750, "slam_timestamp_ns": null, "gaze_timestamp_ns": null, "T_world_device": null, "gaze_centre_in_pixels": null, "gaze_direction_in_world": null}
{"frame_index": 29, "tracking_timestamp_ns": 59397747787, "slam_timestamp_ns": null, "gaze_timestamp_ns": null, "T_world_device": null, "gaze_centre_in_pixels": null, "gaze_direction_in_world": null}
{"frame_index": 30, "tracking_timestamp_ns": 59431071412, "slam_timestamp_ns": null, "gaze_timestamp_ns": null, "T_world_device": null, "gaze_centre_in_pixels": null, "gaze_direction_in_world": null}
{"frame_index": 31, "tracking_timestamp_ns": 59464398750, "slam_timestamp_ns": null, "gaze_timestamp_ns": null, "T_world_device": null, "gaze_centre_in_pixels": null, "gaze_direction_in_world": null}
{"frame_index": 32, "tracking_timestamp_ns": 59497726037, "slam_timestamp_ns": null, "gaze_timestamp_ns": null, "T_world_device": null, "gaze_centre_in_pixels": null, "gaze_direction_in_world": null}
{"frame_index": 33, "tracking_timestamp_ns": 59531057125, "slam_timestamp_ns": null, "gaze_timestamp_ns": null, "T_world_device": null, "gaze_centre_in_pixels": null, "gaze_direction_in_world": null}
{"frame_index": 34, "tracking_timestamp_ns": 59564384462, "slam_timestamp_ns": null, "gaze_timestamp_ns": null, "T_world_device": null, "gaze_centre_in_pixels": null, "gaze_direction_in_world": null}
{"frame_index": 35, "tracking_timestamp_ns": 59597711750, "slam_timestamp_ns": null, "gaze_timestamp_ns": null, "T_world_device": null, "gaze_centre_in_pixels": null, "gaze_direction_in_world": null}
{"frame_index": 36, "tracking_timestamp_ns": 59631039087, "slam_timestamp_ns": null, "gaze_timestamp_ns": null, "T_world_device": null, "gaze_centre_in_pixels": null, "gaze_direction_in_world": null}
{"frame_index": 37, "tracking_timestamp_ns": 59664366412, "slam_timestamp_ns": null, "gaze_timestamp_ns": null, "T_world_device": null, "gaze_centre_in_pixels": null, "gaze_direction_in_world": null}
{"frame_index": 38, "tracking_timestamp_ns": 59697697462, "slam_timestamp_ns": null, "gaze_timestamp_ns": null, "T_world_device": null, "gaze_centre_in_pixels": null, "gaze_direction_in_world": null}
{"frame_index": 39, "tracking_timestamp_ns": 59731024787, "slam_timestamp_ns": null, "gaze_timestamp_ns": null, "T_world_device": null, "gaze_centre_in_pixels": null, "gaze_direction_in_world": null}
{"frame_index": 40, "tracking_timestamp_ns": 59764352125, "slam_timestamp_ns": null, "gaze_timestamp_ns": null, "T_world_device": null, "gaze_centre_in_pixels": null, "gaze_direction_in_world": null}
{"frame_index": 41, "tracking_timestamp_ns": 59797679462, "slam_timestamp_ns": null, "gaze_timestamp_ns": null, "T_world_device": null, "gaze_centre_in_pixels": null, "gaze_direction_in_world": null}
{"frame_index": 42, "tracking_timestamp_ns": 59831006787, "slam_timestamp_ns": null, "gaze_timestamp_ns": null, "T_world_device": null, "gaze_centre_in_pixels": null, "gaze_direction_in_world": null}
{"frame_index": 43, "tracking_timestamp_ns": 59864334125, "slam_timestamp_ns": null, "gaze_timestamp_ns": null, "T_world_device": null, "gaze_centre_in_pixels": null, "gaze_direction_in_world": null}
{"frame_index": 44, "tracking_timestamp_ns": 59897665162, "slam_timestamp_ns": null, "gaze_timestamp_ns": null, "T_world_device": null, "gaze_centre_in_pixels": null, "gaze_direction_in_world": null}
{"frame_index": 45, "tracking_timestamp_ns": 59930992500, "slam_timestamp_ns": null, "gaze_timestamp_ns": null, "T_world_device": null, "gaze_centre_in_pixels": null, "gaze_direction_in_world": null}
{"frame_index": 46, "tracking_timestamp_ns": 59964319837, "slam_timestamp_ns": 59963817000, "gaze_timestamp_ns": 60031081000, "T_world_device": [[0.07200915819196174, 0.9385462555381783, -0.33755830215201277, -0.14930100000000002], [0.016426595293263457, -0.3395069527516328, -0.9404600980373234, -0.15523000000000003], [-0.9972686940356428, 0.06217680635546513, -0.03986472937169672, 0.01717]], "gaze_centre_in_pixels": [592, 454], "gaze_direction_in_world": [-0.5814552127561197, -0.8115729497716759, 0.057089252558046054]}
{"frame_index": 47, "tracking_timestamp_ns": 59997647125, "slam_timestamp_ns": 59997764000, "gaze_timestamp_ns": 60031081000, "T_world_device": [[0.07346801189006757, 0.9388070342785714, -0.33651716689939337, -0.148878], [0.016162840719649796, -0.3385055651133113, -0.9408255656428501, -0.15560900000000003], [-0.9971665928062332, 0.06368151047510578, -0.04004311944413019, 0.016748]], "gaze_centre_in_pixels": [592, 454], "gaze_direction_in_world": [-0.5806917067070239, -0.8121602263180202, 0.05650582756447176]}
{"frame_index": 48, "tracking_timestamp_ns": 60030974462, "slam_timestamp_ns": 60030712000, "gaze_timestamp_ns": 60031081000, "T_world_device": [[0.07360964568308481, 0.9392776889213807, -0.3351701704461794, -0.14848800000000004], [0.015802534256628975, -0.3371382603663369, -0.9413225129084233, -0.15611300000000003], [-0.9971619226452038, 0.06399387854842425, -0.039659595747445264, 0.016384000000000003]], "gaze_centre_in_pixels": [592, 454], "gaze_direction_in_world": [-0.5795436694299825, -0.8129601026198832, 0.05678914308122687]}
{"frame_index": 49, "tracking_timestamp_ns": 60064305537, "slam_timestamp_ns": 60064532000, "gaze_timestamp_ns": 60031081000, "T_world_device": [[0.06819001488926169, 0.9408463723387603, -0.331900927275591, -0.14860900000000002], [0.01581755084947839, -0.3336530010618701, -0.9425632498498612, -0.15639900000000004], [-0.9975469547617928, 0.05902354224716222, -0.03763368844627135, 0.016739999999999998]], "gaze_centre_in_pixels": [592, 454], "gaze_direction_in_world": [-0.5762247244815368, -0.8150787870896428, 0.06009690285408804]}
{"frame_index": 50, "tracking_timestamp_ns": 60097670087, "slam_timestamp_ns": 60098477000, "gaze_timestamp_ns": 60031081000, "T_world_device": [[0.055536107324907324, 0.9439846751089485, -0.3252824525587712, -0.14820800000000003], [0.014842832044419663, -0.32652979013231453, -0.9450703606044619, -0.15688300000000002], [-0.9983463482780399, 0.047657416165791444, -0.032145599454715956, 0.017615000000000002]], "gaze_centre_in_pixels": [592, 454], "gaze_direction_in_world": [-0.5693070302023268, -0.8192687429105262, 0.06847066709192492]}
{"frame_index": 51, "tracking_timestamp_ns": 60130960162, "slam_timestamp_ns": 60131053000, "gaze_timestamp_ns": 60031081000, "T_world_device": [[0.04399848736607681, 0.9473287199205311, -0.31722614886422207, -0.147376], [0.010821647126657341, -0.31796695200000347, -0.948040035752338, -0.15738900000000003], [-0.9989729851517326, 0.03827941809322738, -0.02424172204033037, 0.018981000000000005]], "gaze_centre_in_pixels": [592, 454], "gaze_direction_in_world": [-0.5611930058690867, -0.8239437339384624, 0.0786074644493988]}
{"frame_index": 52, "tracking_timestamp_ns": 60164287500, "slam_timestamp_ns": 60165046000, "gaze_timestamp_ns": 60231049000, "T_world_device": [[0.03552478892329636, 0.9500850705478903, -0.3099618494169336, -0.146322], [0.006799945552643016, -0.31038024129542596, -0.9505881687428446, -0.15783800000000003], [-0.9993456609764395, 0.031661720348140854, -0.017486719308086762, 0.020058000000000003]], "gaze_centre_in_pixels": [678, 510], "gaze_direction_in_world": [-0.6143895465418088, -0.7875204510902037, -0.04834277831106388]}
{"frame_index": 53, "tracking_timestamp_ns": 60197614837, "slam_timestamp_ns": 60198041000, "gaze_timestamp_ns": 60231049000, "T_world_device": [[0.028492501618443855, 0.9524897210290443, -0.303235071661469, -0.14561600000000002], [0.005845229110683192, -0.3035118080518773, -0.9528097478876483, -0.15813400000000002], [-0.9995769158239732, 0.025375454815502185, -0.014215331327120495, 0.020638999999999998]], "gaze_centre_in_pixels": [678, 510], "gaze_direction_in_world": [-0.6090352637223994, -0.7919695792072258, -0.043130420272903834]}
{"frame_index": 54, "tracking_timestamp_ns": 60230942162, "slam_timestamp_ns": 60231037000, "gaze_timestamp_ns": 60231049000, "T_world_device": [[0.02426704093276033, 0.9540362311830679, -0.2987071815580867, -0.14556200000000002], [0.006227114244123921, -0.29893362933102363, -0.9542535870004226, -0.15828100000000003], [-0.9996861176252068, 0.02129682711087022, -0.013195127223764924, 0.020904000000000002]], "gaze_centre_in_pixels": [678, 510], "gaze_direction_in_world": [-0.6053959126153007, -0.7948789051318453, -0.0407837610463552]}
{"frame_index": 55, "tracking_timestamp_ns": 60264273212, "slam_timestamp_ns": 60264797000, "gaze_timestamp_ns": 60331033000, "T_world_device": [[0.021409382874671756, 0.9551585933250535, -0.2953196571890035, -0.14630200000000002], [0.006831808963405517, -0.295520235590925, -0.955312052024139, -0.15807700000000002], [-0.9997474504649726, 0.01843507400551936, -0.012852366910331092, 0.02126]], "gaze_centre_in_pixels": [676, 527], "gaze_direction_in_world": [-0.6221056525446687, -0.7820121922842512, -0.0379669354932859]}
{"frame_index": 56, "tracking_timestamp_ns": 60297600537, "slam_timestamp_ns": 60296747000, "gaze_timestamp_ns": 60331033000, "T_world_device": [[0.019130700281130286, 0.9561636350231311, -0.29220732257441223, -0.14730800000000002], [0.0066304372123727195, -0.2923757109960432, -0.9562805450922504, -0.15786800000000004], [-0.999795005793251, 0.01635685418751076, -0.011933135043322718, 0.021637]], "gaze_centre_in_pixels": [676, 527], "gaze_direction_in_world": [-0.6196168297631773, -0.7840620165450899, -0.036355721495755625]}
{"frame_index": 57, "tracking_timestamp_ns": 60330927875, "slam_timestamp_ns": 60330694000, "gaze_timestamp_ns": 60331033000, "T_world_device": [[0.017344702199173723, 0.9571312520179993, -0.2891347916043303, -0.148658], [0.006405864150657248, -0.28927873456623887, -0.9572234737156414, -0.15773300000000004], [-0.999829048492844, 0.01475059789341071, -0.01114870627838127, 0.021970000000000003]], "gaze_centre_in_pixels": [676, 527], "gaze_direction_in_world": [-0.6171419528350408, -0.7860711825487086, -0.03504148994302748]}
{"frame_index": 58, "tracking_timestamp_ns": 60364255212, "slam_timestamp_ns": 60364826000, "gaze_timestamp_ns": 60331033000, "T_world_device": [[0.015981657254965143, 0.9580397632588391, -0.2861894453789878, -0.14995600000000003], [0.007326983248866659, -0.28633052820837435, -0.9581028879678761, -0.15793800000000005], [-0.9998454390293812, 0.01321516669820072, -0.011595577660605372, 0.022064]], "gaze_centre_in_pixels": [676, 527], "gaze_direction_in_world": [-0.6147558552440906, -0.787944968240701, -0.034899361989400385]}
{"frame_index": 59, "tracking_timestamp_ns": 60397582500, "slam_timestamp_ns": 60396776000, "gaze_timestamp_ns": 60331033000, "T_world_device": [[0.015072453267497177, 0.9586767526263884, -0.28409805547772, -0.15141300000000005], [0.007524744780969539, -0.28423103992494547, -0.9587262874038478, -0.15812400000000001], [-0.9998580896149616, 0.012312591802976114, -0.01149785695740313, 0.022165999999999998]], "gaze_centre_in_pixels": [676, 527], "gaze_direction_in_world": [-0.6130574853069359, -0.7892855205837067, -0.03448023645573152]}
{"frame_index": 60, "tracking_timestamp_ns": 60430909837, "slam_timestamp_ns": 60430722000, "gaze_timestamp_ns": 60331033000, "T_world_device": [[0.015029120387367811, 0.9590934156589548, -0.2826905473835681, -0.15325900000000003], [0.006983891712174617, -0.2828162734465294, -0.9591486749875489, -0.15826900000000005], [-0.9998626659681491, 0.012440880734789939, -0.010948684377956486, 0.022248999999999994]], "gaze_centre_in_pixels": [676, 527], "gaze_direction_in_world": [-0.6118991320164252, -0.7902040201156337, -0.03401556747485497]}
{"frame_index": 61, "tracking_timestamp_ns": 60464240912, "slam_timestamp_ns": 60464721000, "gaze_timestamp_ns": 60531001000, "T_world_device": [[0.016133327832200672, 0.9595061463891752, -0.2812253025146451, -0.15507500000000002], [0.005279028272292929, -0.28133972952815256, -0.9595937100927281, -0.15863600000000003], [-0.9998559134163079, 0.013996843587784968, -0.009604206162927786, 0.022244999999999997]], "gaze_centre_in_pixels": [676, 534], "gaze_direction_in_world": [-0.619519874703691, -0.7842693215683043, -0.033417900800536006]}
{"frame_index": 62, "tracking_timestamp_ns": 60497568212, "slam_timestamp_ns": 60497669000, "gaze_timestamp_ns": 60531001000, "T_world_device": [[0.018329108928399895, 0.9601570063281974, -0.27885940357958977, -0.15672600000000003], [0.00348572509925299, -0.27896592796692987, -0.9602946739173772, -0.15910100000000002], [-0.9998259315933065, 0.016629318459373654, -0.008460040257199708, 0.022188999999999997]], "gaze_centre_in_pixels": [676, 534], "gaze_direction_in_world": [-0.6175276465958541, -0.7858421808191494, -0.033341753630983274]}
{"frame_index": 63, "tracking_timestamp_ns": 60530921625, "slam_timestamp_ns": 60530617000, "gaze_timestamp_ns": 60531001000, "T_world_device": [[0.019744963264571425, 0.9610639273522902, -0.2756197815249711, -0.15825100000000003], [0.0023266335228827595, -0.27571694568030436, -0.9612360545886607, -0.15963800000000003], [-0.9998023420667363, 0.018338304363169133, -0.007680064514888674, 0.022053]], "gaze_centre_in_pixels": [676, 534], "gaze_direction_in_world": [-0.6148362349799977, -0.7879532508881503, -0.03325775955197203]}
{"frame_index": 64, "tracking_timestamp_ns": 60564222875, "slam_timestamp_ns": 60564564000, "gaze_timestamp_ns": 60531001000, "T_world_device": [[0.021407329206564074, 0.9617278373805539, -0.27316898261619127, -0.15982600000000002], [0.0017141653661861822, -0.2732665030719239, -0.9619368378100197, -0.16023800000000002], [-0.9997693673509603, 0.020124241753803507, -0.007498466542922522, 0.02185]], "gaze_centre_in_pixels": [676, 534], "gaze_direction_in_world": [-0.6127804611686681, -0.7895318618493697, -0.033757155309389705]}
{"frame_index": 65, "tracking_timestamp_ns": 60597550212, "slam_timestamp_ns": 60597512000, "gaze_timestamp_ns": 60531001000, "T_world_device": [[0.02412758957775929, 0.9619775907610785, -0.2720606077598849, -0.16126400000000002], [0.002036419327320016, -0.27218655973122363, -0.9622423445774999, -0.160814], [-0.9997068132295039, 0.02266255888446206, -0.008526195360051725, 0.021559000000000002]], "gaze_centre_in_pixels": [676, 534], "gaze_direction_in_world": [-0.6117938887902038, -0.7902130664924663, -0.03565876026354452]}
{"frame_index": 66, "tracking_timestamp_ns": 60630881250, "slam_timestamp_ns": 60630460000, "gaze_timestamp_ns": 60531001000, "T_world_device": [[0.026312301853345987, 0.9623677855500762, -0.2704734887315599, -0.162358], [0.0034893671822544547, -0.2706539378549857, -0.9626703850437373, -0.161339], [-0.9996476814797532, 0.024386292441297974, -0.010479582678794674, 0.021189]], "gaze_centre_in_pixels": [676, 534], "gaze_direction_in_world": [-0.6104263456249494, -0.7911554948452586, -0.038113771043072744]}
{"frame_index": 67, "tracking_timestamp_ns": 60664208587, "slam_timestamp_ns": 60664432000, "gaze_timestamp_ns": 60730969000, "T_world_device": [[0.027212881529086408, 0.9630448795493927, -0.2679627195200486, -0.16328900000000002], [0.004984008625771197, -0.2681893753168578, -0.963353319724997, -0.161853], [-0.9996172361143553, 0.024880091254855574, -0.012098029684536549, 0.021032]], "gaze_centre_in_pixels": [668, 531], "gaze_direction_in_world": [-0.6056771973457151, -0.7952300157473978, -0.027646964929866513]}
{"frame_index": 68, "tracking_timestamp_ns": 60697535912, "slam_timestamp_ns": 60698426000, "gaze_timestamp_ns": 60730969000, "T_world_device": [[0.02734544527278726, 0.9636357053472925, -0.26581657962335453, -0.16398300000000002], [0.005429916113710576, -0.26605528863365135, -0.9639424772262413, -0.162161], [-0.9996112957714269, 0.02491607452811695, -0.012507861379079444, 0.020983]], "gaze_centre_in_pixels": [668, 531], "gaze_direction_in_world": [-0.6039021042258335, -0.7965650993577009, -0.02804088081474438]}
{"frame_index": 69, "tracking_timestamp_ns": 60730863250, "slam_timestamp_ns": 60730328000, "gaze_timestamp_ns": 60730969000, "T_world_device": [[0.02720659498162703, 0.9640180149359611, -0.26444104838022986, -0.16449300000000003], [0.006171155332042044, -0.2646959059829519, -0.9643121871042242, -0.162285], [-0.9996107832708557, 0.02460374432466922, -0.013150579220429837, 0.020841]], "gaze_centre_in_pixels": [668, 531], "gaze_direction_in_world": [-0.6027673440688435, -0.7974070632464314, -0.028521998683377823]}
{"frame_index": 70, "tracking_timestamp_ns": 60764190587, "slam_timestamp_ns": 60764229000, "gaze_timestamp_ns": 60730969000, "T_world_device": [[0.026338496497645858, 0.9643286049820116, -0.2633944289761856, -0.16495700000000002], [0.0073942585199104904, -0.263666565796413, -0.964585541578385, -0.16231900000000002], [-0.9996257342341603, 0.023458126407988056, -0.01407507592315671, 0.020915000000000003]], "gaze_centre_in_pixels": [668, 531], "gaze_direction_in_world": [-0.6019167078750342, -0.7980337248867179, -0.028956013612219004]}
{"frame_index": 71, "tracking_timestamp_ns": 60797517875, "slam_timestamp_ns": 60798223000, "gaze_timestamp_ns": 60730969000, "T_world_device": [[0.024206965549254056, 0.9647105496410832, -0.2621975938678623, -0.16549600000000003], [0.007535388438668078, -0.26244307278819723, -0.9649180542753708, -0.162381], [-0.9996785687109511, 0.021381977380218686, -0.013622419144050824, 0.021184]], "gaze_centre_in_pixels": [668, 531], "gaze_direction_in_world": [-0.6009621000865064, -0.7987950825586803, -0.027766352653652814]}
{"frame_index": 72, "tracking_timestamp_ns": 60830848962, "slam_timestamp_ns": 60830125000, "gaze_timestamp_ns": 60730969000, "T_world_device": [[0.02200534796981579, 0.9652877577541612, -0.2602600802863766, -0.166174], [0.00808161715121719, -0.26048636008682546, -0.9654437030054822, -0.16245400000000002], [-0.9997251883017395, 0.01914160230128359, -0.013533179094027403, 0.021413]], "gaze_centre_in_pixels": [668, 531], "gaze_direction_in_world": [-0.5993924988280753, -0.8000047085675295, -0.026853279472306885]}
{"frame_index": 73, "tracking_timestamp_ns": 60864176287, "slam_timestamp_ns": 60864009000, "gaze_timestamp_ns": 60930937000, "T_world_device": [[0.02117803737507651, 0.9658034855248276, -0.25840881966572693, -0.167106], [0.008885619506676101, -0.258638406670995, -0.9659333415721147, -0.162226], [-0.9997362334630683, 0.018160449960928082, -0.014059216133703867, 0.021434]], "gaze_centre_in_pixels": [666, 526], "gaze_direction_in_world": [-0.5915440533799461, -0.8059623154544581, -0.02236915237804426]}
{"frame_index": 74, "tracking_timestamp_ns": 60897503587, "slam_timestamp_ns": 60896957000, "gaze_timestamp_ns": 60930937000, "T_world_device": [[0.021905189004420622, 0.965962403577421, -0.25775336577746594, -0.16839300000000001], [0.008513793177031936, -0.2579861142478803, -0.9661111117159447, -0.16190800000000002], [-0.9997238008672291, 0.018968387654495433, -0.013875238713962679, 0.021532]], "gaze_centre_in_pixels": [666, 526], "gaze_direction_in_world": [-0.5909891652607329, -0.8063658921618329, -0.022491209448879]}
{"frame_index": 75, "tracking_timestamp_ns": 60930830912, "slam_timestamp_ns": 60929905000, "gaze_timestamp_ns": 60930937000, "T_world_device": [[0.023755876617948424, 0.9658544136646162, -0.25799401142408934, -0.16998700000000003], [0.00777130075052368, -0.2582374543799746, -0.9660502181770859, -0.16154300000000002], [-0.9996875838034389, 0.020944420735146352, -0.013640602234192167, 0.021614]], "gaze_centre_in_pixels": [666, 526], "gaze_direction_in_world": [-0.5911691919695578, -0.8062198402748416, -0.022990337389195262]}
{"frame_index": 76, "tracking_timestamp_ns": 60964158250, "slam_timestamp_ns": 60963777000, "gaze_timestamp_ns": 61030921000, "T_world_device": [[0.026377129624988283, 0.965673217106022, -0.2584172687667216, -0.171771], [0.007964254679663885, -0.25870201293173567, -0.9659243444247927, -0.161154], [-0.999620336767987, 0.023420210698743282, -0.014514683967708386, 0.021404000000000003]], "gaze_centre_in_pixels": [676, 486], "gaze_direction_in_world": [-0.5411929958758123, -0.8400549645367487, -0.037653655494850176]}
{"frame_index": 77, "tracking_timestamp_ns": 60997489287, "slam_timestamp_ns": 60996725000, "gaze_timestamp_ns": 61030921000, "T_world_device": [[0.028247329789153675, 0.9654483582094046, -0.25905898168283675, -0.17370300000000002], [0.008917602715020845, -0.25939547262240525, -0.9657300166945295, -0.16068], [-0.9995611860819726, 0.02496910919044998, -0.015936714361359128, 0.021063000000000002]], "gaze_centre_in_pixels": [676, 486], "gaze_direction_in_world": [-0.5417037680385748, -0.839641782670812, -0.03948043168698635]}
{"frame_index": 78, "tracking_timestamp_ns": 61030816625, "slam_timestamp_ns": 61030909000, "gaze_timestamp_ns": 61030921000, "T_world_device": [[0.02847531535926806, 0.9653849604360256, -0.25927019608725543, -0.17600600000000002], [0.010315019969262207, -0.25964534985721377, -0.9656489489770903, -0.16001800000000002], [-0.9995412731739617, 0.02482278109839392, -0.01735144836367497, 0.020614]], "gaze_centre_in_pixels": [676, 486], "gaze_direction_in_world": [-0.5418815960665389, -0.8394648139180256, -0.04078188369797388]}
{"frame_index": 79, "tracking_timestamp_ns": 61064143962, "slam_timestamp_ns": 61064557000, "gaze_timestamp_ns": 61030921000, "T_world_device": [[0.028913220370162973, 0.9658167715527786, -0.2576082092542754, -0.17882800000000001], [0.012616864398634464, -0.2580480425825886, -0.9660496997836299, -0.15915600000000002], [-0.9995022963558279, 0.024681400014237853, -0.019646579161888278, 0.019994000000000005]], "gaze_centre_in_pixels": [676, 486], "gaze_direction_in_world": [-0.5404245752374296, -0.8402969330726721, -0.0429225202906933]}
{"frame_index": 80, "tracking_timestamp_ns": 61097471287, "slam_timestamp_ns": 61096506000, "gaze_timestamp_ns": 61030921000, "T_world_device": [[0.029857398051850947, 0.9668691961456373, -0.25352020299428335, -0.18174200000000001], [0.01541715377324715, -0.25404857170350925, -0.9670685780155092, -0.15798000000000004], [-0.9994352641122413, 0.024965591523058883, -0.022491600405448953, 0.019213]], "gaze_centre_in_pixels": [676, 486], "gaze_direction_in_world": [-0.5368399710074883, -0.8424445721798617, -0.04571639020492576]}
{"frame_index": 81, "tracking_timestamp_ns": 61130798625, "slam_timestamp_ns": 61130453000, "gaze_timestamp_ns": 61030921000, "T_world_device": [[0.030841073812588382, 0.9684330385295761, -0.24735860213556166, -0.18524700000000002], [0.017983943774988465, -0.24797391247643907, -0.9685997710599696, -0.15631000000000003], [-0.9993624997629162, 0.025424173841051056, -0.02506402705303934, 0.018281000000000002]], "gaze_centre_in_pixels": [676, 486], "gaze_direction_in_world": [-0.5314375818831919, -0.845719108801063, -0.048304094763087564]}
{"frame_index": 82, "tracking_timestamp_ns": 61164125962, "slam_timestamp_ns": 61164383000, "gaze_timestamp_ns": 61230889000, "T_world_device": [[0.03194639193488236, 0.9702733977656812, -0.23989364649899136, -0.189477], [0.020632004576416396, -0.24060519012337878, -0.9704037628084772, -0.15423600000000004], [-0.9992766125700638, 0.026051412129343754, -0.027705152888324758, 0.017265000000000003]], "gaze_centre_in_pixels": [991, 566], "gaze_direction_in_world": [-0.5119852995281414, -0.6890292325438458, -0.5129422674796044]}
{"frame_index": 83, "tracking_timestamp_ns": 61197457000, "slam_timestamp_ns": 61198329000, "gaze_timestamp_ns": 61230889000, "T_world_device": [[0.033974604309942924, 0.9724699822048424, -0.23053819634172612, -0.19420600000000002], [0.025110840138065527, -0.23142914567657646, -0.9725276326351711, -0.15185200000000001], [-0.9991071874276269, 0.02725223370521035, -0.03228225191236289, 0.015821999999999996]], "gaze_centre_in_pixels": [991, 566], "gaze_direction_in_world": [-0.5042266820315505, -0.6917412967120035, -0.5169617312245168]}
{"frame_index": 84, "tracking_timestamp_ns": 61230784337, "slam_timestamp_ns": 61230279000, "gaze_timestamp_ns": 61230889000, "T_world_device": [[0.037014637258159344, 0.9747030066707063, -0.22041770667469573, -0.199123], [0.031156214803123916, -0.22158723498006871, -0.9746426973886531, -0.14940200000000003], [-0.9988289177370611, 0.02920866448458631, -0.03857002736890913, 0.014007]], "gaze_centre_in_pixels": [991, 566], "gaze_direction_in_world": [-0.4953765467101114, -0.6939204839339155, -0.5225671621394566]}
{"frame_index": 85, "tracking_timestamp_ns": 61264111662, "slam_timestamp_ns": 61264290000, "gaze_timestamp_ns": 61330873000, "T_world_device": [[0.041703051799047985, 0.9770934464780014, -0.20868457614396652, -0.20529600000000003], [0.03897944323443542, -0.21029835999995283, -0.9768598685515052, -0.14640500000000004], [-0.9983693998093991, 0.032603629108908794, -0.046856641932061294, 0.011541]], "gaze_centre_in_pixels": [942, 564], "gaze_direction_in_world": [-0.5067922398764503, -0.7230528996220896, -0.46942105827188746]}
{"frame_index": 86, "tracking_timestamp_ns": 61297438962, "slam_timestamp_ns": 61298237000, "gaze_timestamp_ns": 61330873000, "T_world_device": [[0.049038056601176105, 0.9791840056293604, -0.19696180371945438, -0.21180800000000002], [0.04680424347517903, -0.19923524626960543, -0.9788333256671465, -0.14319300000000001], [-0.9976996701400157, 0.03878143581058724, -0.05560007588999594, 0.008275000000000001]], "gaze_centre_in_pixels": [942, 564], "gaze_direction_in_world": [-0.49468803568368847, -0.7253830555396689, -0.4786472292694772]}
{"frame_index": 87, "tracking_timestamp_ns": 61330766287, "slam_timestamp_ns": 61330861000, "gaze_timestamp_ns": 61330873000, "T_world_device": [[0.05846930635542713, 0.9805341430221823, -0.18744101627464055, -0.21851300000000004], [0.05135899588218923, -0.19046816097401553, -0.9803489854113943, -0.139972], [-0.9969671979339585, 0.047693542780248344, -0.06149579026876695, 0.004673]], "gaze_centre_in_pixels": [942, 564], "gaze_direction_in_world": [-0.4832760328957069, -0.7278796556442819, -0.4864519328029741]}
{"frame_index": 88, "tracking_timestamp_ns": 61364097337, "slam_timestamp_ns": 61363272000, "gaze_timestamp_ns": 61330873000, "T_world_device": [[0.06937878924362739, 0.9811162416244665, -0.18054778875347627, -0.22575], [0.05133175409831331, -0.18425511923502924, -0.9815371119101284, -0.137601], [-0.9962688565965909, 0.05883002172672397, -0.06314581474139502, 0.001628]], "gaze_centre_in_pixels": [942, 564], "gaze_direction_in_world": [-0.47316044979309346, -0.73110901665371, -0.4915270028383411]}
{"frame_index": 89, "tracking_timestamp_ns": 61397424662, "slam_timestamp_ns": 61398217000, "gaze_timestamp_ns": 61330873000, "T_world_device": [[0.08398967217824616, 0.9809568325946786, -0.17512688986334063, -0.23422500000000002], [0.04776795334749229, -0.17950939696120694, -0.982595847251359, -0.135771], [-0.9953210324314374, 0.07416244998946425, -0.06193523561897285, -0.000504]], "gaze_centre_in_pixels": [942, 564], "gaze_direction_in_world": [-0.46245498927294565, -0.7351875309531435, -0.4956154529749658]}
{"frame_index": 90, "tracking_timestamp_ns": 61430752000, "slam_timestamp_ns": 61430845000, "gaze_timestamp_ns": 61330873000, "T_world_device": [[0.09837859807315907, 0.9805115832401052, -0.17005495162782502, -0.24216100000000002], [0.04437449358217832, -0.1750361831242193, -0.983561507439484, -0.135077], [-0.9941592205278212, 0.08921529986099286, -0.060729519265577014, -0.0011940000000000002]], "gaze_centre_in_pixels": [942, 564], "gaze_direction_in_world": [-0.4520312092419779, -0.7390193076595412, -0.499518016469524]}
{"frame_index": 91, "tracking_timestamp_ns": 61464079337, "slam_timestamp_ns": 61464160000, "gaze_timestamp_ns": 61530841000, "T_world_device": [[0.10892124658356006, 0.9803849582948525, -0.16426045047997317, -0.24948000000000004], [0.042785501621711186, -0.16971414635777649, -0.9845641215162321, -0.13550900000000002], [-0.9931291773448516, 0.10021198568660183, -0.06043173860717932, -0.0009690000000000001]], "gaze_centre_in_pixels": [754, 625], "gaze_direction_in_world": [-0.6076160841410528, -0.753355440693779, -0.25151197639511125]}
{"frame_index": 92, "tracking_timestamp_ns": 61497406662, "slam_timestamp_ns": 61498106000, "gaze_timestamp_ns": 61530841000, "T_world_device": [[0.11043346052549341, 0.9814385935510284, -0.1567888321435673, -0.256506], [0.044025931816476904, -0.16242948401044277, -0.985737480291681, -0.13729900000000003], [-0.9929079353716814, 0.10195562668475294, -0.061146398612379915, -0.000476]], "gaze_centre_in_pixels": [754, 625], "gaze_direction_in_world": [-0.601505489312907, -0.7577646154345746, -0.25295045744519107]}
{"frame_index": 93, "tracking_timestamp_ns": 61530734000, "slam_timestamp_ns": 61530056000, "gaze_timestamp_ns": 61530841000, "T_world_device": [[0.10481849826911294, 0.9832091745568181, -0.1493747016328682, -0.26314299999999996], [0.046112336095620654, -0.15484561927638696, -0.9868619390019644, -0.140189], [-0.9934217306262294, 0.09655336999925296, -0.06156875718556343, -0.00027100000000000003]], "gaze_centre_in_pixels": [754, 625], "gaze_direction_in_world": [-0.5968764670033148, -0.7621513625725284, -0.25072651169447424]}
{"frame_index": 94, "tracking_timestamp_ns": 61564065037, "slam_timestamp_ns": 61563785000, "gaze_timestamp_ns": 61630825000, "T_world_device": [[0.09665942864196952, 0.9851950882146343, -0.14158952296115357, -0.270497], [0.048962652909549986, -0.14679001166679728, -0.987955136175181, -0.14399900000000004], [-0.9941124752635725, 0.0885625803182164, -0.062426403810507125, -0.0011970000000000001]], "gaze_centre_in_pixels": [713, 611], "gaze_direction_in_world": [-0.587446635042238, -0.7887919973832607, -0.18086911245892037]}
{"frame_index": 95, "tracking_timestamp_ns": 61597392375, "slam_timestamp_ns": 61597731000, "gaze_timestamp_ns": 61630825000, "T_world_device": [[0.09032260628445887, 0.9870227199246793, -0.1327703925823488, -0.278556], [0.0532261360197413, -0.13790894372814844, -0.9890137014643399, -0.14895700000000003], [-0.9944892182615107, 0.0822634401923163, -0.06499170077274918, -0.0031]], "gaze_centre_in_pixels": [713, 611], "gaze_direction_in_world": [-0.5811510784541797, -0.7936109497098959, -0.18012519122016385]}
{"frame_index": 96, "tracking_timestamp_ns": 61630719712, "slam_timestamp_ns": 61630813000, "gaze_timestamp_ns": 61630825000, "T_world_device": [[0.08692971361902202, 0.9885099045656549, -0.12365837402179741, -0.287142], [0.05725038564999113, -0.1288801632684815, -0.990006210515276, -0.15490300000000004], [-0.9945680561093053, 0.07898146675954748, -0.06779608893932165, -0.0055379999999999995]], "gaze_centre_in_pixels": [713, 611], "gaze_direction_in_world": [-0.5741880711438785, -0.7984631277905611, -0.1810102000302369]}
{"frame_index": 97, "tracking_timestamp_ns": 61664047037, "slam_timestamp_ns": 61663521000, "gaze_timestamp_ns": 61630825000, "T_world_device": [[0.08489650165222873, 0.9896464213680006, -0.11572616247298201, -0.296493], [0.05946227160067885, -0.12097060853384156, -0.99087352882547, -0.16196600000000003], [-0.9946139061280515, 0.07724035567280857, -0.06911660576328815, -0.007855000000000001]], "gaze_centre_in_pixels": [713, 611], "gaze_direction_in_world": [-0.5679732089792469, -0.802822796213367, -0.18133392336230733]}
{"frame_index": 98, "tracking_timestamp_ns": 61697374337, "slam_timestamp_ns": 61696516000, "gaze_timestamp_ns": 61630825000, "T_world_device": [[0.08258054031620632, 0.9905677003600117, -0.10934388581242793, -0.30655400000000005], [0.06018211669522722, -0.11447519766130343, -0.9916015036043901, -0.17028100000000002], [-0.9947655840403634, 0.07530644145013987, -0.06906788461326396, -0.010213]], "gaze_centre_in_pixels": [713, 611], "gaze_direction_in_world": [-0.563033384853739, -0.8065092932278427, -0.18037784641487162]}
{"frame_index": 99, "tracking_timestamp_ns": 61730705412, "slam_timestamp_ns": 61730797000, "gaze_timestamp_ns": 61630825000, "T_world_device": [[0.0787789275039863, 0.9914109975705976, -0.10439403468299496, -0.31749600000000006], [0.06058232417105064, -0.10928710755276239, -0.99216234060802, -0.18032099999999998], [-0.9950495779504434, 0.07183705185225547, -0.06867150356458618, -0.012754]], "gaze_centre_in_pixels": [713, 611], "gaze_direction_in_world": [-0.5594331927106904, -0.8094505480337201, -0.17839370275162159]}
{"frame_index": 100, "tracking_timestamp_ns": 61764032712, "slam_timestamp_ns": 61763322000, "gaze_timestamp_ns": 61830793000, "T_world_device": [[0.07339950378422211, 0.9921194711400642, -0.10154539787203254, -0.32833200000000007], [0.06182484987214021, -0.10615074781823397, -0.9924261719019289, -0.19148400000000002], [-0.9953844487345166, 0.06656555958143157, -0.06912904957464416, -0.015142]], "gaze_centre_in_pixels": [717, 626], "gaze_direction_in_world": [-0.576983916564896, -0.7957657115695888, -0.18397416208690587]}
{"frame_index": 101, "tracking_timestamp_ns": 61797360037, "slam_timestamp_ns": 61798268000, "gaze_timestamp_ns": 61830793000, "T_world_device": [[0.06486879210781815, 0.992846723220193, -0.10023683954214674, -0.340499], [0.06382071938205902, -0.10437048934894877, -0.9924886481620923, -0.20516700000000002], [-0.9958508701547784, 0.05798435257883239, -0.07013457968780101, -0.017726]], "gaze_centre_in_pixels": [717, 626], "gaze_direction_in_world": [-0.5770021805367223, -0.7965272386217737, -0.18059025939800788]}
{"frame_index": 102, "tracking_timestamp_ns": 61830687375, "slam_timestamp_ns": 61830781000, "gaze_timestamp_ns": 61830793000, "T_world_device": [[0.05485461499320188, 0.9936330636388183, -0.09840887184437896, -0.35211200000000004], [0.06603776816328033, -0.10195175177614857, -0.9925950098029845, -0.21950900000000004], [-0.9963081774179916, 0.04794971484284688, -0.07120983398751335, -0.020111]], "gaze_centre_in_pixels": [717, 626], "gaze_direction_in_world": [-0.576738616181401, -0.7976256732286123, -0.17653853407051254]}
{"frame_index": 103, "tracking_timestamp_ns": 61864014712, "slam_timestamp_ns": 61864173000, "gaze_timestamp_ns": 61830793000, "T_world_device": [[0.044533044336646066, 0.9944986420117281, -0.094811702858556, -0.36388300000000007], [0.06796906986092816, -0.09770214405425803, -0.9928919863658088, -0.23504900000000004], [-0.9966930387558401, 0.0377722395951024, -0.07194612158844693, -0.023788]], "gaze_centre_in_pixels": [717, 626], "gaze_direction_in_world": [-0.5750194726697968, -0.7998302275138186, -0.1721168591560455]}
