{"frame_index": 40164, "tracking_timestamp_ns": 1607234206687, "slam_timestamp_ns": 1607235117000, "gaze_timestamp_ns": 1607200985000, "T_world_device": [[-0.6701340854498656, -0.2917802916793921, 0.6824841162296467, -0.461895], [0.05920802642376978, 0.8955482890496098, 0.4410075640930876, -2.190172], [-0.7398747982768943, 0.3359427382275222, -0.5828616984387633, -0.09533699999999999]], "gaze_centre_in_pixels": [953, 744], "gaze_direction_in_world": [0.32957433599698127, -0.19463762061033082, -0.9238489885772987]}
{"frame_index": 40165, "tracking_timestamp_ns": 1607267537725, "slam_timestamp_ns": 1607267082000, "gaze_timestamp_ns": 1607200985000, "T_world_device": [[-0.6712167427618771, -0.28902339600628973, 0.6825932616112818, -0.46180200000000005], [0.06002706742731649, 0.8966362616215058, 0.43868002635347664, -2.1901140000000003], [-0.7388266612759806, 0.3354234501438473, -0.5844880440876319, -0.095346]], "gaze_centre_in_pixels": [953, 744], "gaze_direction_in_world": [0.3275585586290119, -0.19647710583220374, -0.9241764645091787]}
{"frame_index": 40166, "tracking_timestamp_ns": 1607300865062, "slam_timestamp_ns": 1607300045000, "gaze_timestamp_ns": 1607200985000, "T_world_device": [[-0.6696655541091248, -0.28542368628198445, 0.6856247989599868, -0.46229], [0.0614040444818386, 0.8987575005460877, 0.43412498031491065, -2.1901960000000003], [-0.7401199828142675, 0.3328186811483882, -0.5843407708842987, -0.094512]], "gaze_centre_in_pixels": [953, 744], "gaze_direction_in_world": [0.3282216284812149, -0.20017432174298513, -0.923147227430097]}
{"frame_index": 40167, "tracking_timestamp_ns": 1607334192400, "slam_timestamp_ns": 1607334056000, "gaze_timestamp_ns": 1607400953000, "T_world_device": [[-0.6634671056543586, -0.2823415674319133, 0.6928886194870852, -0.463292], [0.06373543611415033, 0.9013740739450926, 0.4283253121203156, -2.190147], [-0.7454858777320784, 0.32834131345250644, -0.5800368850188025, -0.09252]], "gaze_centre_in_pixels": [968, 733], "gaze_direction_in_world": [0.3189167324705714, -0.18533508670968607, -0.9294853540452411]}
{"frame_index": 40168, "tracking_timestamp_ns": 1607367519725, "slam_timestamp_ns": 1607367971000, "gaze_timestamp_ns": 1607400953000, "T_world_device": [[-0.6547528245077154, -0.2802645830755386, 0.7019618951714284, -0.46494], [0.065649457484192, 0.9041171587340253, 0.4222112173009435, -2.18987], [-0.752986644988608, 0.3225274046592131, -0.5735740455360514, -0.08979999999999999]], "gaze_centre_in_pixels": [968, 733], "gaze_direction_in_world": [0.32801676814294384, -0.19014085135876277, -0.925338563154926]}
{"frame_index": 40169, "tracking_timestamp_ns": 1607400847062, "slam_timestamp_ns": 1607400935000, "gaze_timestamp_ns": 1607400953000, "T_world_device": [[-0.6435014809280655, -0.2786236813287327, 0.7129338596575505, -0.46667600000000004], [0.0678142892151347, 0.9069835317351742, 0.41567065729906455, -2.189432], [-0.7624349586827937, 0.31583178650036964, -0.5647505789411393, -0.08668500000000001]], "gaze_centre_in_pixels": [968, 733], "gaze_direction_in_world": [0.3398456833971631, -0.19518848614830905, -0.9200034599671061]}
{"frame_index": 40170, "tracking_timestamp_ns": 1607434174400, "slam_timestamp_ns": 1607434895000, "gaze_timestamp_ns": 1607400953000, "T_world_device": [[-0.6317536658167455, -0.2800904368770847, 0.7227977953045428, -0.468349], [0.06755602338266066, 0.9089972152767967, 0.4112909509383234, -2.188565], [-0.7722198452719442, 0.30866391073307026, -0.5553405268654017, -0.08374600000000001]], "gaze_centre_in_pixels": [968, 733], "gaze_direction_in_world": [0.35290083444142223, -0.19942339555759178, -0.9141615340599429]}
{"frame_index": 40171, "tracking_timestamp_ns": 1607467505437, "slam_timestamp_ns": 1607467859000, "gaze_timestamp_ns": 1607400953000, "T_world_device": [[-0.6237930847276725, -0.2815043637423227, 0.7291347479306995, -0.46966600000000003], [0.0671781799357779, 0.9101241687158619, 0.4088533840630131, -2.1875110000000006], [-0.7786971680868313, 0.3040218589399314, -0.5488182118882876, -0.081886]], "gaze_centre_in_pixels": [968, 733], "gaze_direction_in_world": [0.36174720871207194, -0.20189378607737887, -0.9101526554003818]}
{"frame_index": 40172, "tracking_timestamp_ns": 1607500832775, "slam_timestamp_ns": 1607500926000, "gaze_timestamp_ns": 1607400953000, "T_world_device": [[-0.620033732027619, -0.28072589008861026, 0.7326330225848824, -0.47042600000000007], [0.06730473993416618, 0.9113220195406225, 0.4061554489143234, -2.186507], [-0.7816829556350181, 0.30113975382595837, -0.5461562098295176, -0.081182]], "gaze_centre_in_pixels": [968, 733], "gaze_direction_in_world": [0.36545592081841016, -0.20434445577218513, -0.9081218603986677]}
{"frame_index": 40173, "tracking_timestamp_ns": 1607534160100, "slam_timestamp_ns": 1607534779000, "gaze_timestamp_ns": 1607600921000, "T_world_device": [[-0.6211862223237894, -0.2814218540963897, 0.7313886909380332, -0.470942], [0.06382511152351979, 0.9120261747940926, 0.4051353003990955, -2.1854519999999997], [-0.7810595574820844, 0.29834543155108895, -0.5485763129579007, -0.08153300000000001]], "gaze_centre_in_pixels": [976, 739], "gaze_direction_in_world": [0.35224911888167115, -0.2128309986026144, -0.9113854970762374]}
{"frame_index": 40174, "tracking_timestamp_ns": 1607567487437, "slam_timestamp_ns": 1607566743000, "gaze_timestamp_ns": 1607600921000, "T_world_device": [[-0.625141345610883, -0.28251769656113834, 0.7275864547513266, -0.47136200000000006], [0.05990388613011273, 0.9120753674007046, 0.4056230375698356, -2.184485], [-0.7782093692794544, 0.29715698765241644, -0.5532521145508769, -0.082335]], "gaze_centre_in_pixels": [976, 739], "gaze_direction_in_world": [0.34841943741840053, -0.21441137928198997, -0.9124865237708664]}
{"frame_index": 40175, "tracking_timestamp_ns": 1607600814725, "slam_timestamp_ns": 1607600910000, "gaze_timestamp_ns": 1607600921000, "T_world_device": [[-0.6276994638328899, -0.28178730447875067, 0.7256647284652208, -0.47161800000000004], [0.05793490940600589, 0.9126896814918297, 0.4045257613186834, -2.1840070000000003], [-0.7762969337669837, 0.2959619237890955, -0.5565695017614936, -0.08289]], "gaze_centre_in_pixels": [976, 739], "gaze_direction_in_world": [0.34548997973074197, -0.2164392608845676, -0.9131214159428053]}
{"frame_index": 40176, "tracking_timestamp_ns": 1607634145812, "slam_timestamp_ns": 1607633714000, "gaze_timestamp_ns": 1607600921000, "T_world_device": [[-0.6276536459287416, -0.28026092048053464, 0.7262951997664321, -0.471777], [0.05774544192990971, 0.9136197617268467, 0.4024480027512862, -2.1840479999999998], [-0.7763480950505884, 0.2945381935056697, -0.5572529837315718, -0.082967]], "gaze_centre_in_pixels": [976, 739], "gaze_direction_in_world": [0.3450725973360055, -0.21845067708349875, -0.9128001995231728]}
{"frame_index": 40177, "tracking_timestamp_ns": 1607667473100, "slam_timestamp_ns": 1607667630000, "gaze_timestamp_ns": 1607600921000, "T_world_device": [[-0.6271084882539164, -0.2782837259164819, 0.7275253341636482, -0.471895], [0.058662035265128185, 0.9144784144013302, 0.4003598321667422, -2.1843600000000003], [-0.7767198398254292, 0.2937471659166595, -0.5571524862526327, -0.082955]], "gaze_centre_in_pixels": [976, 739], "gaze_direction_in_world": [0.3450424456815475, -0.21989841566146973, -0.9124639157071758]}
{"frame_index": 40178, "tracking_timestamp_ns": 1607700800437, "slam_timestamp_ns": 1607700593000, "gaze_timestamp_ns": 1607600921000, "T_world_device": [[-0.62726490626911, -0.27524745977835163, 0.7285448326964988, -0.471951], [0.06085144472569462, 0.9152824478682103, 0.39818983198867924, -2.184882], [-0.7764250376166398, 0.29410351325671297, -0.5573753532872243, -0.083155]], "gaze_centre_in_pixels": [976, 739], "gaze_direction_in_world": [0.3439359790733589, -0.22075997256718838, -0.9126735872210745]}
{"frame_index": 40179, "tracking_timestamp_ns": 1607734127775, "slam_timestamp_ns": 1607734555000, "gaze_timestamp_ns": 1607800889000, "T_world_device": [[-0.6283413640825513, -0.2711512852337562, 0.7291530091132871, -0.472095], [0.06345726842104557, 0.916301337457519, 0.3954301886023641, -2.1857300000000004], [-0.7753452813214371, 0.29473520232514483, -0.5585435123989335, -0.08354600000000001]], "gaze_centre_in_pixels": [970, 728], "gaze_direction_in_world": [0.3534591748522977, -0.20868610911393004, -0.9118753859906636]}
{"frame_index": 40180, "tracking_timestamp_ns": 1607767455100, "slam_timestamp_ns": 1607767519000, "gaze_timestamp_ns": 1607800889000, "T_world_device": [[-0.6292855943699585, -0.2649646583351357, 0.7306116414017727, -0.472453], [0.06892460663853138, 0.9173559969797798, 0.39205531931725923, -2.1867330000000003], [-0.7741117744345267, 0.29707188463161427, -0.5590163289594043, -0.083648]], "gaze_centre_in_pixels": [970, 728], "gaze_direction_in_world": [0.3505736075743372, -0.20900365331687937, -0.9129159975444139]}
{"frame_index": 40181, "tracking_timestamp_ns": 1607800782437, "slam_timestamp_ns": 1607800878000, "gaze_timestamp_ns": 1607800889000, "T_world_device": [[-0.6265348150310799, -0.25822985611209126, 0.7353716522727124, -0.472663], [0.07736183445828704, 0.9182538176879511, 0.38836203840070627, -2.1874000000000002], [-0.7755445004145275, 0.3002120379229183, -0.5553408504359725, -0.082982]], "gaze_centre_in_pixels": [970, 728], "gaze_direction_in_world": [0.3513861072942173, -0.20805113917384266, -0.9128211911919458]}
{"frame_index": 40182, "tracking_timestamp_ns": 1607834113475, "slam_timestamp_ns": 1607833490000, "gaze_timestamp_ns": 1607800889000, "T_world_device": [[-0.6226761078218117, -0.25839170608919837, 0.7385852631701997, -0.473162], [0.07868380369514685, 0.9184424265757961, 0.38764980085333073, -2.1873670000000005], [-0.7785135347467913, 0.2994949670526647, -0.5515609131602603, -0.082152]], "gaze_centre_in_pixels": [970, 728], "gaze_direction_in_world": [0.35549595595104333, -0.20801996816878274, -0.9112355996917112]}
{"frame_index": 40183, "tracking_timestamp_ns": 1607867440812, "slam_timestamp_ns": 1607868451000, "gaze_timestamp_ns": 1607800889000, "T_world_device": [[-0.6174014640629799, -0.259225417941557, 0.7427096437140926, -0.4734860000000001], [0.07982989625877729, 0.9186237333264842, 0.3869853023470342, -2.1869579999999997], [-0.7825871324243724, 0.29821572604800317, -0.5464656996568591, -0.081086]], "gaze_centre_in_pixels": [970, 728], "gaze_direction_in_world": [0.36127055941177977, -0.20803501777463543, -0.908958202714408]}
{"frame_index": 40184, "tracking_timestamp_ns": 1607900768150, "slam_timestamp_ns": 1607900862000, "gaze_timestamp_ns": 1607800889000, "T_world_device": [[-0.6139952582652979, -0.2593781665859602, 0.7454748751810727, -0.473441], [0.08109166705150657, 0.918737644827714, 0.3864521723463757, -2.186113], [-0.7851330870384572, 0.2977316017404454, -0.5430671495888248, -0.080473]], "gaze_centre_in_pixels": [970, 728], "gaze_direction_in_world": [0.3648549844239412, -0.20786811890220552, -0.9075635985896879]}
{"frame_index": 40185, "tracking_timestamp_ns": 1607934095475, "slam_timestamp_ns": 1607934330000, "gaze_timestamp_ns": 1608000857000, "T_world_device": [[-0.6144251529173776, -0.26297389875706234, 0.7438591668017324, -0.473158], [0.07741472585775991, 0.9181729202242399, 0.3885427245326561, -2.1844370000000004], [-0.7851679385219604, 0.29631607641064955, -0.5437904846333497, -0.08072800000000001]], "gaze_centre_in_pixels": [913, 752], "gaze_direction_in_world": [0.42720318005743274, -0.26140117979886784, -0.8655442600748828]}
{"frame_index": 40186, "tracking_timestamp_ns": 1607967422812, "slam_timestamp_ns": 1607968339000, "gaze_timestamp_ns": 1608000857000, "T_world_device": [[-0.6186815988888967, -0.2706740412776393, 0.7375422988376391, -0.47291900000000003], [0.06831437902523807, 0.9166867047152256, 0.3937240544045243, -2.1820589999999997], [-0.7826661004634573, 0.2939745716499499, -0.5486462671052763, -0.081828]], "gaze_centre_in_pixels": [913, 752], "gaze_direction_in_world": [0.42586298629796976, -0.2605490512841286, -0.8664611409499654]}
{"frame_index": 40187, "tracking_timestamp_ns": 1608000753850, "slam_timestamp_ns": 1608000846000, "gaze_timestamp_ns": 1608000857000, "T_world_device": [[-0.6250730009928309, -0.2783738654755688, 0.7292405189304869, -0.47302200000000005], [0.05820511184170564, 0.91502180209812, 0.3991832494489261, -2.1799079999999997], [-0.7783931579769381, 0.2919641976429626, -0.5557526418375267, -0.083237]], "gaze_centre_in_pixels": [913, 752], "gaze_direction_in_world": [0.42231187130796954, -0.2597976876893378, -0.8684226187885911]}
{"frame_index": 40188, "tracking_timestamp_ns": 1608034081187, "slam_timestamp_ns": 1608034213000, "gaze_timestamp_ns": 1608000857000, "T_world_device": [[-0.6290593171242738, -0.2820349925685798, 0.7243898387650008, -0.47332700000000005], [0.05214377055039068, 0.914454010965819, 0.40131644499237007, -2.178712], [-0.77560647414261, 0.29022426637923815, -0.5605394477400343, -0.08402300000000001]], "gaze_centre_in_pixels": [913, 752], "gaze_direction_in_world": [0.4196269214177293, -0.2603923393412121, -0.8695453274176626]}
{"frame_index": 40189, "tracking_timestamp_ns": 1608067408475, "slam_timestamp_ns": 1608067177000, "gaze_timestamp_ns": 1608000857000, "T_world_device": [[-0.6287112165862583, -0.28233637217107277, 0.724574619406383, -0.473707], [0.050177832439086634, 0.9150915658273423, 0.40011199842466344, -2.178694], [-0.7760182931286751, 0.2879124851425176, -0.5611613044648727, -0.0838]], "gaze_centre_in_pixels": [913, 752], "gaze_direction_in_world": [0.42007548690901975, -0.2623880571280761, -0.8687284344228081]}
{"frame_index": 40190, "tracking_timestamp_ns": 1608100735812, "slam_timestamp_ns": 1608100140000, "gaze_timestamp_ns": 1608000857000, "T_world_device": [[-0.6259000691480991, -0.27948569084291075, 0.7281049732383823, -0.474201], [0.0518760028610105, 0.9165968066849214, 0.3964330640879608, -2.1796589999999996], [-0.7781760621913071, 0.2858986579000778, -0.5591994041872408, -0.082937]], "gaze_centre_in_pixels": [913, 752], "gaze_direction_in_world": [0.421880546125066, -0.26515754405246245, -0.86701111967107]}
{"frame_index": 40191, "tracking_timestamp_ns": 1608134063150, "slam_timestamp_ns": 1608134105000, "gaze_timestamp_ns": 1608200825000, "T_world_device": [[-0.6218060173183486, -0.2728178625827219, 0.7341169461894265, -0.47480000000000006], [0.05763483905095043, 0.9188823679109696, 0.39029914074963135, -2.181438], [-0.7810476951852975, 0.2850010663105046, -0.555642771974594, -0.081884]], "gaze_centre_in_pixels": [924, 746], "gaze_direction_in_world": [0.4115561188330597, -0.2553927287659897, -0.8748691988774837]}
{"frame_index": 40192, "tracking_timestamp_ns": 1608167390475, "slam_timestamp_ns": 1608168115000, "gaze_timestamp_ns": 1608200825000, "T_world_device": [[-0.6170094992926831, -0.26594957608969627, 0.7406551834425408, -0.47538300000000006], [0.06484213202422841, 0.9207837616513803, 0.3846462819184485, -2.1833890000000005], [-0.7842797815175051, 0.2853560710005044, -0.550887590208756, -0.080833]], "gaze_centre_in_pixels": [924, 746], "gaze_direction_in_world": [0.41394206330770933, -0.25744452680415586, -0.8731404719992887]}
{"frame_index": 40193, "tracking_timestamp_ns": 1608200721525, "slam_timestamp_ns": 1608200814000, "gaze_timestamp_ns": 1608200825000, "T_world_device": [[-0.612770919422849, -0.25921414453377384, 0.7465385640295487, -0.47595400000000004], [0.07327740319302357, 0.9219665332390756, 0.3802737616091959, -2.185044], [-0.7868559096117685, 0.2877251098891863, -0.5459597408676689, -0.07982400000000002]], "gaze_centre_in_pixels": [924, 746], "gaze_direction_in_world": [0.4157260629115608, -0.2576794469276208, -0.8722231040548791]}
{"frame_index": 40194, "tracking_timestamp_ns": 1608234048850, "slam_timestamp_ns": 1608234994000, "gaze_timestamp_ns": 1608300809000, "T_world_device": [[-0.6093429493796576, -0.25340549718574934, 0.7513233817986393, -0.47692400000000007], [0.08003481811082565, 0.9230594793610247, 0.37623878780864844, -2.1865140000000003], [-0.7888571467200305, 0.2893904828390134, -0.5421785227311533, -0.07862400000000003]], "gaze_centre_in_pixels": [930, 732], "gaze_direction_in_world": [0.4158269531124639, -0.23603993687286132, -0.8782784827526291]}
{"frame_index": 40195, "tracking_timestamp_ns": 1608267376187, "slam_timestamp_ns": 1608268004000, "gaze_timestamp_ns": 1608300809000, "T_world_device": [[-0.6033723077180766, -0.24914831648939262, 0.7575400812296759, -0.4779880000000001], [0.08544997298111923, 0.9242730169547202, 0.372045282522095, -2.1877730000000004], [-0.7928683121404768, 0.28921360016417097, -0.5363910262892087, -0.07689000000000001]], "gaze_centre_in_pixels": [930, 732], "gaze_direction_in_world": [0.42023024532472, -0.2373978390144628, -0.8758132260622632]}
{"frame_index": 40196, "tracking_timestamp_ns": 1608300703525, "slam_timestamp_ns": 1608299922000, "gaze_timestamp_ns": 1608300809000, "T_world_device": [[-0.5956702925632591, -0.24646193850834391, 0.7644824493893311, -0.479041], [0.08980389510393468, 0.925359338470345, 0.36830063145464065, -2.18868], [-0.7981930612212583, 0.28803924658357727, -0.5290758257998587, -0.07496000000000001]], "gaze_centre_in_pixels": [930, 732], "gaze_direction_in_world": [0.4267765194056253, -0.23881449352211268, -0.8722553755453714]}
{"frame_index": 40197, "tracking_timestamp_ns": 1608334030850, "slam_timestamp_ns": 1608333887000, "gaze_timestamp_ns": 1608300809000, "T_world_device": [[-0.5883413553999066, -0.24518038134008277, 0.7705459299302886, -0.48007700000000003], [0.09328090350199794, 0.925982410390981, 0.36586233570615045, -2.1889320000000003], [-0.803214244500216, 0.28712916301281655, -0.521923098913535, -0.07328500000000002]], "gaze_centre_in_pixels": [930, 732], "gaze_direction_in_world": [0.43336201531605334, -0.23941827441722016, -0.868836148854483]}
{"frame_index": 40198, "tracking_timestamp_ns": 1608367358187, "slam_timestamp_ns": 1608366850000, "gaze_timestamp_ns": 1608300809000, "T_world_device": [[-0.5846623139062523, -0.24560345825647775, 0.7732069063260142, -0.48062000000000005], [0.09475977525278365, 0.9258763767632988, 0.36575062535244957, -2.188041], [-0.8057236273635203, 0.28710951959857517, -0.518051696323877, -0.07250600000000001]], "gaze_centre_in_pixels": [930, 732], "gaze_direction_in_world": [0.43701572114506426, -0.23881326367429778, -0.8671709661683155]}
{"frame_index": 40199, "tracking_timestamp_ns": 1608400689225, "slam_timestamp_ns": 1608400782000, "gaze_timestamp_ns": 1608300809000, "T_world_device": [[-0.5852890500457844, -0.2511564361248778, 0.7709456352360743, -0.480605], [0.08960445904210548, 0.924957822103574, 0.3693562890342938, -2.1858940000000002], [-0.8058584049423793, 0.28526035813351863, -0.5188629484375056, -0.072814]], "gaze_centre_in_pixels": [930, 732], "gaze_direction_in_world": [0.4383760930808239, -0.23792778076711063, -0.8667276228172439]}
{"frame_index": 40200, "tracking_timestamp_ns": 1608434016562, "slam_timestamp_ns": 1608434776000, "gaze_timestamp_ns": 1608500777000, "T_world_device": [[-0.5899434406577702, -0.2618867933463509, 0.7637945039705627, -0.48033800000000004], [0.07746515754226205, 0.9232199510525829, 0.37638287865605535, -2.182985], [-0.8037200297316378, 0.28121207201902276, -0.5243604527030461, -0.07407400000000001]], "gaze_centre_in_pixels": [884, 758], "gaze_direction_in_world": [0.4824637971591388, -0.2902744892598289, -0.8264196302821776]}
{"frame_index": 40201, "tracking_timestamp_ns": 1608467343850, "slam_timestamp_ns": 1608467787000, "gaze_timestamp_ns": 1608500777000, "T_world_device": [[-0.596892247086638, -0.27225009652757637, 0.754718179394527, -0.48023499999999997], [0.06441944231123105, 0.9213687426324415, 0.38331419951812873, -2.1803600000000003], [-0.799731067809782, 0.2774157981093348, -0.5324196597977828, -0.07563400000000002]], "gaze_centre_in_pixels": [884, 758], "gaze_direction_in_world": [0.4801912868759033, -0.288972292400237, -0.8281976468412693]}
{"frame_index": 40202, "tracking_timestamp_ns": 1608500671187, "slam_timestamp_ns": 1608500703000, "gaze_timestamp_ns": 1608500777000, "T_world_device": [[-0.6010869048697756, -0.2784454518522727, 0.7491079115433615, -0.480099], [0.05555338558252865, 0.9205162386670692, 0.3867346321452867, -2.1788719999999997], [-0.7972504964842556, 0.2740766036950528, -0.5378416692323056, -0.076547]], "gaze_centre_in_pixels": [884, 758], "gaze_direction_in_world": [0.47869062628677184, -0.28923508351252375, -0.828974276302155]}
{"frame_index": 40203, "tracking_timestamp_ns": 1608533998525, "slam_timestamp_ns": 1608534667000, "gaze_timestamp_ns": 1608500777000, "T_world_device": [[-0.6015906999924718, -0.2814562889769052, 0.7475767432698237, -0.479895], [0.05111731492014053, 0.9203869516462508, 0.3876530399141443, -2.17855], [-0.7971672658845961, 0.27142257944885645, -0.5393089407449188, -0.07664300000000002]], "gaze_centre_in_pixels": [884, 758], "gaze_direction_in_world": [0.47933725337380517, -0.29010208364717893, -0.8282973974313947]}
{"frame_index": 40204, "tracking_timestamp_ns": 1608567329562, "slam_timestamp_ns": 1608566632000, "gaze_timestamp_ns": 1608500777000, "T_world_device": [[-0.6004398781372386, -0.2817226762269554, 0.7484011534211183, -0.479699], [0.050947361840089175, 0.9205093345531308, 0.3873847329491541, -2.1789810000000003], [-0.7980453114103694, 0.27073030620910254, -0.5383574855389794, -0.076418]], "gaze_centre_in_pixels": [884, 758], "gaze_direction_in_world": [0.48048614253597716, -0.29042530228351704, -0.8275181028983137]}
{"frame_index": 40205, "tracking_timestamp_ns": 1608600656900, "slam_timestamp_ns": 1608600750000, "gaze_timestamp_ns": 1608500777000, "T_world_device": [[-0.5993019983130874, -0.2793883562877483, 0.7501861510243775, -0.47943], [0.05420501528455475, 0.9208065473862225, 0.3862345383425279, -2.1799049999999998], [-0.7986857524307924, 0.2721349824287475, -0.5366969537854338, -0.07625900000000001]], "gaze_centre_in_pixels": [884, 758], "gaze_direction_in_world": [0.48066574385843897, -0.290244890744722, -0.827477097010907]}
{"frame_index": 40206, "tracking_timestamp_ns": 1608633984225, "slam_timestamp_ns": 1608633558000, "gaze_timestamp_ns": 1608700745000, "T_world_device": [[-0.5989249640960324, -0.27587209860667294, 0.7517868531657871, -0.479017], [0.058428152135462416, 0.9212327316903028, 0.38459901859008655, -2.180952], [-0.7986707947712887, 0.27427147003064795, -0.5356305838043844, -0.076368]], "gaze_centre_in_pixels": [882, 757], "gaze_direction_in_world": [0.4827020367570505, -0.2896705379718303, -0.8264924217085753]}
{"frame_index": 40207, "tracking_timestamp_ns": 1608667311562, "slam_timestamp_ns": 1608667580000, "gaze_timestamp_ns": 1608700745000, "T_world_device": [[-0.5996571368314796, -0.27225867518436886, 0.7525201206837758, -0.47858100000000003], [0.06292147431973431, 0.9213960898634987, 0.3834972407380351, -2.181863], [-0.7977795474418375, 0.27731653281243035, -0.5353908238963283, -0.07664100000000001]], "gaze_centre_in_pixels": [882, 757], "gaze_direction_in_world": [0.48068727776755676, -0.28894680096822, -0.8279187684807294]}
{"frame_index": 40208, "tracking_timestamp_ns": 1608700638900, "slam_timestamp_ns": 1608700734000, "gaze_timestamp_ns": 1608700745000, "T_world_device": [[-0.6000281844180375, -0.2688230128134094, 0.7534589343062528, -0.478271], [0.06692195238358593, 0.9216797342635049, 0.38213599639019097, -2.182499], [-0.797174780203916, 0.27971531103941466, -0.535043656701919, -0.07670700000000001]], "gaze_centre_in_pixels": [882, 757], "gaze_direction_in_world": [0.4790544700790441, -0.2886530634875473, -0.8289669617279932]}
{"frame_index": 40209, "tracking_timestamp_ns": 1608733969937, "slam_timestamp_ns": 1608734446000, "gaze_timestamp_ns": 1608700745000, "T_world_device": [[-0.5986287862800876, -0.26964224042766805, 0.7542788863636424, -0.47823], [0.06594146952502389, 0.9218555858849753, 0.38188218257670703, -2.183088], [-0.7983077719988133, 0.2783439256564021, -0.5340686849240215, -0.076381]], "gaze_centre_in_pixels": [882, 757], "gaze_direction_in_world": [0.48063255496945634, -0.2892866192986873, -0.827831866382461]}
{"frame_index": 40210, "tracking_timestamp_ns": 1608767297275, "slam_timestamp_ns": 1608767456000, "gaze_timestamp_ns": 1608700745000, "T_world_device": [[-0.5971452083469642, -0.2696423364161174, 0.7554539102819698, -0.478708], [0.06699158057106575, 0.921751110090688, 0.38195159271715945, -2.1837110000000006], [-0.7993308002828688, 0.2786896149099241, -0.5323554923737586, -0.07577000000000002]], "gaze_centre_in_pixels": [882, 757], "gaze_direction_in_world": [0.48197357699014415, -0.28880115041343424, -0.8272214737319158]}
{"frame_index": 40211, "tracking_timestamp_ns": 1608800624600, "slam_timestamp_ns": 1608800718000, "gaze_timestamp_ns": 1608700745000, "T_world_device": [[-0.5947895746021521, -0.26945017563054696, 0.7573783498339907, -0.47938300000000006], [0.06881395822945688, 0.9216274468530986, 0.38192602472184767, -2.18424], [-0.8009307092984922, 0.27928381990316997, -0.5296324639246619, -0.074981]], "gaze_centre_in_pixels": [882, 757], "gaze_direction_in_world": [0.48402310546569594, -0.288096153330651, -0.8262700767977901]}
{"frame_index": 40212, "tracking_timestamp_ns": 1608833951937, "slam_timestamp_ns": 1608834334000, "gaze_timestamp_ns": 1608900713000, "T_world_device": [[-0.5921279211856703, -0.27063771592116365, 0.7590387023553626, -0.479754], [0.06904507837986822, 0.9214153164524393, 0.38239585740220694, -2.1843110000000006], [-0.8028806275554636, 0.27883515081106014, -0.5269095335712941, -0.07439300000000001]], "gaze_centre_in_pixels": [901, 683], "gaze_direction_in_world": [0.4953709982619964, -0.17135019508235172, -0.8516141642352794]}
{"frame_index": 40213, "tracking_timestamp_ns": 1608867294150, "slam_timestamp_ns": 1608866299000, "gaze_timestamp_ns": 1608900713000, "T_world_device": [[-0.5920637682577998, -0.27240698451285783, 0.7584556210517437, -0.47963], [0.06796438902629125, 0.9209084872196875, 0.3838077643704327, -2.1835960000000005], [-0.803020134330801, 0.278786644148098, -0.5267225748949673, -0.07442600000000002]], "gaze_centre_in_pixels": [901, 683], "gaze_direction_in_world": [0.49588927704819613, -0.17041908518009932, -0.8514993601377485]}
{"frame_index": 40214, "tracking_timestamp_ns": 1608900606562, "slam_timestamp_ns": 1608900702000, "gaze_timestamp_ns": 1608900713000, "T_world_device": [[-0.5956969805242402, -0.2776837041478117, 0.7536822061353535, -0.47907400000000006], [0.06153294523455595, 0.9198039199867787, 0.3875234772600453, -2.1819740000000003], [-0.8008488022373911, 0.2772228512004491, -0.5308377216506279, -0.07537300000000001]], "gaze_centre_in_pixels": [901, 683], "gaze_direction_in_world": [0.49368332476886634, -0.1694482090806593, -0.8529736685763021]}
{"frame_index": 40215, "tracking_timestamp_ns": 1608933937650, "slam_timestamp_ns": 1608933229000, "gaze_timestamp_ns": 1608900713000, "T_world_device": [[-0.6023723230902698, -0.2855499870533933, 0.7453917019048703, -0.47848000000000007], [0.0514256824199396, 0.917999786506138, 0.3932324899627808, -2.17996], [-0.7965569556299635, 0.27520464543406953, -0.5382930610448484, -0.07698300000000001]], "gaze_centre_in_pixels": [901, 683], "gaze_direction_in_world": [0.48902639853576685, -0.16798528099798726, -0.8559404926180116]}
{"frame_index": 40216, "tracking_timestamp_ns": 1608967264937, "slam_timestamp_ns": 1608968190000, "gaze_timestamp_ns": 1608900713000, "T_world_device": [[-0.6101606769772236, -0.2938612320094388, 0.7357645850355882, -0.47780400000000006], [0.040988005781528614, 0.9157183162327884, 0.39972484123186564, -2.178054], [-0.7912167412616785, 0.27405390279593095, -0.5466905218764717, -0.07888300000000001]], "gaze_centre_in_pixels": [901, 683], "gaze_direction_in_world": [0.4831689002968013, -0.16580002210567352, -0.8596849227802811]}
{"frame_index": 40217, "tracking_timestamp_ns": 1609000592275, "slam_timestamp_ns": 1609000155000, "gaze_timestamp_ns": 1608900713000, "T_world_device": [[-0.6160189624174366, -0.2989315672000681, 0.728807626245401, -0.477135], [0.03474302696195897, 0.913987471560221, 0.40425217860696155, -2.177074], [-0.7869647768608615, 0.274347990629174, -0.5526478263940511, -0.08028600000000001]], "gaze_centre_in_pixels": [901, 683], "gaze_direction_in_world": [0.4783535349048642, -0.16381080411847423, -0.8627536821701078]}
{"frame_index": 40218, "tracking_timestamp_ns": 1609033919600, "slam_timestamp_ns": 1609034117000, "gaze_timestamp_ns": 1609100681000, "T_world_device": [[-0.6208385521764603, -0.3020533941920641, 0.7234108370687363, -0.476405], [0.03142966155636204, 0.9124579890804907, 0.40796151109833834, -2.1768619999999994], [-0.7833081567977501, 0.27601479166928833, -0.5569956609111693, -0.081392]], "gaze_centre_in_pixels": [930, 799], "gaze_direction_in_world": [0.3925444985977614, -0.3252483327452782, -0.8603036316714285]}
{"frame_index": 40219, "tracking_timestamp_ns": 1609067246937, "slam_timestamp_ns": 1609067144000, "gaze_timestamp_ns": 1609100681000, "T_world_device": [[-0.6247128343520296, -0.3039890697499359, 0.7192527511719521, -0.475785], [0.030828072297233028, 0.9107899816681347, 0.41171742646066783, -2.177205], [-0.7802457975242737, 0.2793783362494799, -0.5596107939275139, -0.082251]], "gaze_centre_in_pixels": [930, 799], "gaze_direction_in_world": [0.3895595531519127, -0.3220441121409785, -0.8628620656764387]}
{"frame_index": 40220, "tracking_timestamp_ns": 1609100574275, "slam_timestamp_ns": 1609100670000, "gaze_timestamp_ns": 1609100681000, "T_world_device": [[-0.6274145500363286, -0.30231779253448077, 0.7176036055649317, -0.475262], [0.034380649539796915, 0.9099041446287017, 0.4133913624215343, -2.178315], [-0.7779260590441313, 0.2840394337140343, -0.5604932174036343, -0.08269900000000001]], "gaze_centre_in_pixels": [930, 799], "gaze_direction_in_world": [0.3862942129815887, -0.3189185564608118, -0.8654869931789194]}
{"frame_index": 40221, "tracking_timestamp_ns": 1609133905312, "slam_timestamp_ns": 1609133010000, "gaze_timestamp_ns": 1609100681000, "T_world_device": [[-0.6288339390083959, -0.29533341184224104, 0.7192677199769267, -0.4749840000000001], [0.04236720061487159, 0.910667072119753, 0.4109628986525376, -2.180102], [-0.7763845036212692, 0.2889007781340471, -0.5601459121785124, -0.08252400000000001]], "gaze_centre_in_pixels": [930, 799], "gaze_direction_in_world": [0.38218789225850536, -0.3175936828645149, -0.8677941389612833]}
{"frame_index": 40222, "tracking_timestamp_ns": 1609167232650, "slam_timestamp_ns": 1609167971000, "gaze_timestamp_ns": 1609100681000, "T_world_device": [[-0.6271256621838102, -0.2855940754019501, 0.724671945038459, -0.47490600000000005], [0.05172813023224314, 0.9130329201294461, 0.4045924953611628, -2.182143], [-0.7771985617415887, 0.29121626131657163, -0.5578131271058475, -0.08174300000000001]], "gaze_centre_in_pixels": [930, 799], "gaze_direction_in_world": [0.3799546256588596, -0.3192232875734402, -0.8681768109729956]}
{"frame_index": 40223, "tracking_timestamp_ns": 1609200559975, "slam_timestamp_ns": 1609200654000, "gaze_timestamp_ns": 1609100681000, "T_world_device": [[-0.6217965876281075, -0.2815125535547632, 0.7308349237721999, -0.475032], [0.05511346408375965, 0.9151231074359443, 0.3993897899464498, -2.1834210000000005], [-0.7812371660966527, 0.28861805284468556, -0.5535052934538323, -0.080711]], "gaze_centre_in_pixels": [930, 799], "gaze_direction_in_world": [0.38341372492589637, -0.3224462182451448, -0.865460774314962]}
{"frame_index": 40224, "tracking_timestamp_ns": 1609233887312, "slam_timestamp_ns": 1609233893000, "gaze_timestamp_ns": 1609300649000, "T_world_device": [[-0.6169665250466294, -0.2822325076131272, 0.7346408092519042, -0.4753780000000001], [0.05486256947045416, 0.9157871103070246, 0.39789956907065016, -2.1838330000000004], [-0.7850747769754077, 0.2857949968804836, -0.5495259905728735, -0.07981400000000001]], "gaze_centre_in_pixels": [930, 777], "gaze_direction_in_world": [0.39838821275379704, -0.29356620978974113, -0.8689681883754554]}
{"frame_index": 40225, "tracking_timestamp_ns": 1609267214600, "slam_timestamp_ns": 1609266904000, "gaze_timestamp_ns": 1609300649000, "T_world_device": [[-0.6143257322073716, -0.28416048359427193, 0.7361091728210881, -0.475602], [0.05489666478998481, 0.9152500251159112, 0.3991287357736347, -2.1835630000000004], [-0.7871405534863599, 0.28560499135833295, -0.5466621790177129, -0.07919900000000002]], "gaze_centre_in_pixels": [930, 777], "gaze_direction_in_world": [0.40167146989665703, -0.29241059826994786, -0.8678456500383407]}
{"frame_index": 40226, "tracking_timestamp_ns": 1609300545687, "slam_timestamp_ns": 1609299820000, "gaze_timestamp_ns": 1609300649000, "T_world_device": [[-0.6136380889548283, -0.28792057765900847, 0.7352210801822604, -0.47548200000000007], [0.05308508651422031, 0.9139953000976069, 0.4022369512976939, -2.182761], [-0.7878009071927022, 0.28585718874988686, -0.5455780404913375, -0.07907800000000001]], "gaze_centre_in_pixels": [930, 777], "gaze_direction_in_world": [0.4037476908973765, -0.29035115094946884, -0.8675736344756882]}
{"frame_index": 40227, "tracking_timestamp_ns": 1609333873025, "slam_timestamp_ns": 1609333783000, "gaze_timestamp_ns": 1609300649000, "T_world_device": [[-0.6154720872715458, -0.29452018462834945, 0.7310622207692653, -0.475011], [0.04722675472893828, 0.912109367450281, 0.40721755297042506, -2.1815840000000004], [-0.7867424886374065, 0.28515673349218174, -0.5474686236823891, -0.07972000000000003]], "gaze_centre_in_pixels": [930, 777], "gaze_direction_in_world": [0.40441482463740547, -0.2883717706619341, -0.867923021643508]}
{"frame_index": 40228, "tracking_timestamp_ns": 1609367200312, "slam_timestamp_ns": 1609367745000, "gaze_timestamp_ns": 1609300649000, "T_world_device": [[-0.6200005059017941, -0.30009061393610065, 0.7249448228030694, -0.47424099999999997], [0.04109431113921691, 0.9102773530888728, 0.411954364032606, -2.180496], [-0.7835244924528605, 0.2852030222157014, -0.5520404023669985, -0.080944]], "gaze_centre_in_pixels": [930, 777], "gaze_direction_in_world": [0.40202179874279215, -0.28670083864149376, -0.8695867423425188]}
{"frame_index": 40229, "tracking_timestamp_ns": 1609400527650, "slam_timestamp_ns": 1609400622000, "gaze_timestamp_ns": 1609300649000, "T_world_device": [[-0.6248817725197267, -0.303431016431169, 0.7193416355530609, -0.473196], [0.036857021631210074, 0.9088903909256333, 0.4154031983982863, -2.1799049999999998], [-0.7798489150656565, 0.28609067714729397, -0.5567654749715734, -0.082187]], "gaze_centre_in_pixels": [930, 777], "gaze_direction_in_world": [0.398412355302403, -0.28535511988210976, -0.8716880466654676]}
{"frame_index": 40230, "tracking_timestamp_ns": 1609433854975, "slam_timestamp_ns": 1609434669000, "gaze_timestamp_ns": 1609500617000, "T_world_device": [[-0.6288710445672578, -0.30510157798827287, 0.7151463042021211, -0.472093], [0.03453059644282072, 0.907923692842363, 0.4177106724573717, -2.1799079999999997], [-0.7767424587430443, 0.287380575343137, -0.5604315816415582, -0.083148]], "gaze_centre_in_pixels": [889, 786], "gaze_direction_in_world": [0.4444814764241785, -0.3081136055521258, -0.8411315136109522]}
{"frame_index": 40231, "tracking_timestamp_ns": 1609467182312, "slam_timestamp_ns": 1609467633000, "gaze_timestamp_ns": 1609500617000, "T_world_device": [[-0.6310461130770806, -0.3051657772321975, 0.7132002885421301, -0.471065], [0.034813486516799746, 0.9073074630218546, 0.4190240908365419, -2.1803710000000005], [-0.7749637567827631, 0.28925251243699635, -0.5619289632347066, -0.08361500000000001]], "gaze_centre_in_pixels": [889, 786], "gaze_direction_in_world": [0.44244824832712104, -0.30673835607612654, -0.8427046507905233]}
{"frame_index": 40232, "tracking_timestamp_ns": 1609500513350, "slam_timestamp_ns": 1609500597000, "gaze_timestamp_ns": 1609500617000, "T_world_device": [[-0.6326308210777984, -0.30399001919817326, 0.712297909901696, -0.470162], [0.03684534188670249, 0.9068870097040832, 0.41975989852681034, -2.181112], [-0.7735765411410058, 0.29179790927606103, -0.5625240573863817, -0.083841]], "gaze_centre_in_pixels": [889, 786], "gaze_direction_in_world": [0.4405040652397145, -0.30523810396364415, -0.8442664676486713]}
{"frame_index": 40233, "tracking_timestamp_ns": 1609533840687, "slam_timestamp_ns": 1609534557000, "gaze_timestamp_ns": 1609500617000, "T_world_device": [[-0.633699152002388, -0.3017352761230977, 0.712306961846066, -0.469461], [0.03984060085295779, 0.9068414959656665, 0.4195845894672818, -2.182095], [-0.7725529828271522, 0.29426913589037856, -0.5626433722947424, -0.083968]], "gaze_centre_in_pixels": [889, 786], "gaze_direction_in_world": [0.4386404986926917, -0.30423617736596376, -0.8455973399250807]}
{"frame_index": 40234, "tracking_timestamp_ns": 1609567168025, "slam_timestamp_ns": 1609567520000, "gaze_timestamp_ns": 1609500617000, "T_world_device": [[-0.6338182928405651, -0.29959346653859104, 0.7131045690977327, -0.468933], [0.04337444256063394, 0.9067233274674525, 0.41948952926015337, -2.183063], [-0.7722648699722312, 0.29681065047221766, -0.5617031318882182, -0.083951]], "gaze_centre_in_pixels": [889, 786], "gaze_direction_in_world": [0.4377167579324863, -0.30293789788432907, -0.8465415936919444]}
{"frame_index": 40235, "tracking_timestamp_ns": 1609600495350, "slam_timestamp_ns": 1609600590000, "gaze_timestamp_ns": 1609500617000, "T_world_device": [[-0.6337936977932987, -0.29761290461496714, 0.7139552560519036, -0.468657], [0.04718728142852377, 0.9064208649165086, 0.41973155244202653, -2.184013], [-0.7720614671830748, 0.2997128202974487, -0.5604402878456072, -0.08377500000000002]], "gaze_centre_in_pixels": [889, 786], "gaze_direction_in_world": [0.43698623462664327, -0.3011945306962822, -0.8475404919090737]}
{"frame_index": 40236, "tracking_timestamp_ns": 1609633822687, "slam_timestamp_ns": 1609634445000, "gaze_timestamp_ns": 1609700585000, "T_world_device": [[-0.6335983877362645, -0.294770029069451, 0.715306726530935, -0.468794], [0.05199356505903378, 0.9062587591048489, 0.41951368361257496, -2.185032], [-0.7719130470787878, 0.3029945403932794, -0.5588779439568243, -0.08319900000000001]], "gaze_centre_in_pixels": [894, 780], "gaze_direction_in_world": [0.43169056930988264, -0.288490644685108, -0.8546440196351229]}
{"frame_index": 40237, "tracking_timestamp_ns": 1609667153725, "slam_timestamp_ns": 1609666456000, "gaze_timestamp_ns": 1609700585000, "T_world_device": [[-0.630951122837079, -0.2910451043837278, 0.7191616145240893, -0.46907800000000005], [0.057546144960353776, 0.9068561809270012, 0.41749288414857577, -2.185948], [-0.7736854152630976, 0.30480258254935955, -0.5554334018407694, -0.081998]], "gaze_centre_in_pixels": [894, 780], "gaze_direction_in_world": [0.4328258406029013, -0.28816114119027114, -0.8541808639944543]}
{"frame_index": 40238, "tracking_timestamp_ns": 1609700481062, "slam_timestamp_ns": 1609700574000, "gaze_timestamp_ns": 1609700585000, "T_world_device": [[-0.624079259865751, -0.2903631936042092, 0.7254062952617526, -0.46950600000000003], [0.059849200532342925, 0.9078968767047897, 0.41489918590583813, -2.186528], [-0.7790655624535434, 0.30234496369156266, -0.5492216058471222, -0.080185]], "gaze_centre_in_pixels": [894, 780], "gaze_direction_in_world": [0.43909024233785326, -0.2897061344919989, -0.850452888008142]}
{"frame_index": 40239, "tracking_timestamp_ns": 1609733808400, "slam_timestamp_ns": 1609734329000, "gaze_timestamp_ns": 1609800569000, "T_world_device": [[-0.6164100097196423, -0.2917550010727534, 0.7313806938021185, -0.470007], [0.06016048780871315, 0.9086611871022751, 0.4131773986564391, -2.1863710000000003], [-0.7851238218421653, 0.2986869036347627, -0.5425557279884066, -0.07846500000000002]], "gaze_centre_in_pixels": [906, 779], "gaze_direction_in_world": [0.43194645967762063, -0.28612306255562164, -0.8553103817011468]}
