{"frame_index": 0, "tracking_timestamp_ns": 906451988625, "slam_timestamp_ns": null, "gaze_timestamp_ns": null, "T_world_device": null, "gaze_centre_in_pixels": null, "gaze_direction_in_world": null}
{"frame_index": 1, "tracking_timestamp_ns": 906485313375, "slam_timestamp_ns": null, "gaze_timestamp_ns": null, "T_world_device": null, "gaze_centre_in_pixels": null, "gaze_direction_in_world": null}
{"frame_index": 2, "tracking_timestamp_ns": 906518643250, "slam_timestamp_ns": null, "gaze_timestamp_ns": null, "T_world_device": null, "gaze_centre_in_pixels": null, "gaze_direction_in_world": null}
{"frame_index": 3, "tracking_timestamp_ns": 906551972200, "slam_timestamp_ns": null, "gaze_timestamp_ns": null, "T_world_device": null, "gaze_centre_in_pixels": null, "gaze_direction_in_world": null}
{"frame_index": 4, "tracking_timestamp_ns": 906585301875, "slam_timestamp_ns": null, "gaze_timestamp_ns": null, "T_world_device": null, "gaze_centre_in_pixels": null, "gaze_direction_in_world": null}
{"frame_index": 5, "tracking_timestamp_ns": 906618639200, "slam_timestamp_ns": null, "gaze_timestamp_ns": null, "T_world_device": null, "gaze_centre_in_pixels": null, "gaze_direction_in_world": null}
{"frame_index": 6, "tracking_timestamp_ns": 906651946075, "slam_timestamp_ns": null, "gaze_timestamp_ns": null, "T_world_device": null, "gaze_centre_in_pixels": null, "gaze_direction_in_world": null}
{"frame_index": 7, "tracking_timestamp_ns": 906685281287, "slam_timestamp_ns": null, "gaze_timestamp_ns": null, "T_world_device": null, "gaze_centre_in_pixels": null, "gaze_direction_in_world": null}
{"frame_index": 8, "tracking_timestamp_ns": 906718609787, "slam_timestamp_ns": null, "gaze_timestamp_ns": null, "T_world_device": null, "gaze_centre_in_pixels": null, "gaze_direction_in_world": null}
{"frame_index": 9, "tracking_timestamp_ns": 906751938575, "slam_timestamp_ns": null, "gaze_timestamp_ns": null, "T_world_device": null, "gaze_centre_in_pixels": null, "gaze_direction_in_world": null}
{"frame_index": 10, "tracking_timestamp_ns": 906785269075, "slam_timestamp_ns": null, "gaze_timestamp_ns": null, "T_world_device": null, "gaze_centre_in_pixels": null, "gaze_direction_in_world": null}
{"frame_index": 11, "tracking_timestamp_ns": 906818592500, "slam_timestamp_ns": null, "gaze_timestamp_ns": null, "T_world_device": null, "gaze_centre_in_pixels": null, "gaze_direction_in_world": null}
{"frame_index": 12, "tracking_timestamp_ns": 906851919787, "slam_timestamp_ns": null, "gaze_timestamp_ns": null, "T_world_device": null, "gaze_centre_in_pixels": null, "gaze_direction_in_world": null}
{"frame_index": 13, "tracking_timestamp_ns": 906885247125, "slam_timestamp_ns": null, "gaze_timestamp_ns": null, "T_world_device": null, "gaze_centre_in_pixels": null, "gaze_direction_in_world": null}
{"frame_index": 14, "tracking_timestamp_ns": 906918574450, "slam_timestamp_ns": null, "gaze_timestamp_ns": null, "T_world_device": null, "gaze_centre_in_pixels": null, "gaze_direction_in_world": null}
{"frame_index": 15, "tracking_timestamp_ns": 906951901787, "slam_timestamp_ns": null, "gaze_timestamp_ns": null, "T_world_device": null, "gaze_centre_in_pixels": null, "gaze_direction_in_world": null}
{"frame_index": 16, "tracking_timestamp_ns": 906985232825, "slam_timestamp_ns": null, "gaze_timestamp_ns": null, "T_world_device": null, "gaze_centre_in_pixels": null, "gaze_direction_in_world": null}
{"frame_index": 17, "tracking_timestamp_ns": 907018560162, "slam_timestamp_ns": null, "gaze_timestamp_ns": null, "T_world_device": null, "gaze_centre_in_pixels": null, "gaze_direction_in_world": null}
{"frame_index": 18, "tracking_timestamp_ns": 907051886325, "slam_timestamp_ns": null, "gaze_timestamp_ns": null, "T_world_device": null, "gaze_centre_in_pixels": null, "gaze_direction_in_world": null}
{"frame_index": 19, "tracking_timestamp_ns": 907085213662, "slam_timestamp_ns": null, "gaze_timestamp_ns": null, "T_world_device": null, "gaze_centre_in_pixels": null, "gaze_direction_in_world": null}
{"frame_index": 20, "tracking_timestamp_ns": 907118541000, "slam_timestamp_ns": null, "gaze_timestamp_ns": null, "T_world_device": null, "gaze_centre_in_pixels": null, "gaze_direction_in_world": null}
{"frame_index": 21, "tracking_timestamp_ns": 907151870662, "slam_timestamp_ns": null, "gaze_timestamp_ns": null, "T_world_device": null, "gaze_centre_in_pixels": null, "gaze_direction_in_world": null}
{"frame_index": 22, "tracking_timestamp_ns": 907185197950, "slam_timestamp_ns": null, "gaze_timestamp_ns": null, "T_world_device": null, "gaze_centre_in_pixels": null, "gaze_direction_in_world": null}
{"frame_index": 23, "tracking_timestamp_ns": 907218525287, "slam_timestamp_ns": null, "gaze_timestamp_ns": null, "T_world_device": null, "gaze_centre_in_pixels": null, "gaze_direction_in_world": null}
{"frame_index": 24, "tracking_timestamp_ns": 907251852625, "slam_timestamp_ns": null, "gaze_timestamp_ns": null, "T_world_device": null, "gaze_centre_in_pixels": null, "gaze_direction_in_world": null}
{"frame_index": 25, "tracking_timestamp_ns": 907285179950, "slam_timestamp_ns": null, "gaze_timestamp_ns": null, "T_world_device": null, "gaze_centre_in_pixels": null, "gaze_direction_in_world": null}
{"frame_index": 26, "tracking_timestamp_ns": 907318507287, "slam_timestamp_ns": null, "gaze_timestamp_ns": null, "T_world_device": null, "gaze_centre_in_pixels": null, "gaze_direction_in_world": null}
{"frame_index": 27, "tracking_timestamp_ns": 907351847162, "slam_timestamp_ns": null, "gaze_timestamp_ns": null, "T_world_device": null, "gaze_centre_in_pixels": null, "gaze_direction_in_world": null}
{"frame_index": 28, "tracking_timestamp_ns": 907385174500, "slam_timestamp_ns": null, "gaze_timestamp_ns": null, "T_world_device": null, "gaze_centre_in_pixels": null, "gaze_direction_in_world": null}
{"frame_index": 29, "tracking_timestamp_ns": 907418501825, "slam_timestamp_ns": null, "gaze_timestamp_ns": null, "T_world_device": null, "gaze_centre_in_pixels": null, "gaze_direction_in_world": null}
{"frame_index": 30, "tracking_timestamp_ns": 907451822875, "slam_timestamp_ns": null, "gaze_timestamp_ns": null, "T_world_device": null, "gaze_centre_in_pixels": null, "gaze_direction_in_world": null}
{"frame_index": 31, "tracking_timestamp_ns": 907485150200, "slam_timestamp_ns": null, "gaze_timestamp_ns": null, "T_world_device": null, "gaze_centre_in_pixels": null, "gaze_direction_in_world": null}
{"frame_index": 32, "tracking_timestamp_ns": 907518481250, "slam_timestamp_ns": null, "gaze_timestamp_ns": null, "T_world_device": null, "gaze_centre_in_pixels": null, "gaze_direction_in_world": null}
{"frame_index": 33, "tracking_timestamp_ns": 907551817412, "slam_timestamp_ns": null, "gaze_timestamp_ns": null, "T_world_device": null, "gaze_centre_in_pixels": null, "gaze_direction_in_world": null}
{"frame_index": 34, "tracking_timestamp_ns": 907585144750, "slam_timestamp_ns": null, "gaze_timestamp_ns": null, "T_world_device": null, "gaze_centre_in_pixels": null, "gaze_direction_in_world": null}
{"frame_index": 35, "tracking_timestamp_ns": 907618472075, "slam_timestamp_ns": null, "gaze_timestamp_ns": null, "T_world_device": null, "gaze_centre_in_pixels": null, "gaze_direction_in_world": null}
{"frame_index": 36, "tracking_timestamp_ns": 907651795662, "slam_timestamp_ns": null, "gaze_timestamp_ns": null, "T_world_device": null, "gaze_centre_in_pixels": null, "gaze_direction_in_world": null}
{"frame_index": 37, "tracking_timestamp_ns": 907685123000, "slam_timestamp_ns": null, "gaze_timestamp_ns": null, "T_world_device": null, "gaze_centre_in_pixels": null, "gaze_direction_in_world": null}
{"frame_index": 38, "tracking_timestamp_ns": 907718454037, "slam_timestamp_ns": null, "gaze_timestamp_ns": null, "T_world_device": null, "gaze_centre_in_pixels": null, "gaze_direction_in_world": null}
{"frame_index": 39, "tracking_timestamp_ns": 907751781375, "slam_timestamp_ns": null, "gaze_timestamp_ns": null, "T_world_device": null, "gaze_centre_in_pixels": null, "gaze_direction_in_world": null}
{"frame_index": 40, "tracking_timestamp_ns": 907785108700, "slam_timestamp_ns": null, "gaze_timestamp_ns": null, "T_world_device": null, "gaze_centre_in_pixels": null, "gaze_direction_in_world": null}
{"frame_index": 41, "tracking_timestamp_ns": 907818436037, "slam_timestamp_ns": null, "gaze_timestamp_ns": null, "T_world_device": null, "gaze_centre_in_pixels": null, "gaze_direction_in_world": null}
{"frame_index": 42, "tracking_timestamp_ns": 907851763325, "slam_timestamp_ns": null, "gaze_timestamp_ns": null, "T_world_device": null, "gaze_centre_in_pixels": null, "gaze_direction_in_world": null}
{"frame_index": 43, "tracking_timestamp_ns": 907885109287, "slam_timestamp_ns": null, "gaze_timestamp_ns": null, "T_world_device": null, "gaze_centre_in_pixels": null, "gaze_direction_in_world": null}
{"frame_index": 44, "tracking_timestamp_ns": 907918411075, "slam_timestamp_ns": null, "gaze_timestamp_ns": null, "T_world_device": null, "gaze_centre_in_pixels": null, "gaze_direction_in_world": null}
{"frame_index": 45, "tracking_timestamp_ns": 907951738412, "slam_timestamp_ns": 907952022000, "gaze_timestamp_ns": 908018503000, "T_world_device": [[0.07065320991014024, 0.9867098897440988, -0.14632743218748168, -0.37461300000000003], [-0.03337538839152343, -0.14427348186195355, -0.988974845929432, -0.342994], [-0.9969424293203237, 0.07475798226689234, 0.022738441201507142, 0.000384]], "gaze_centre_in_pixels": [895, 578], "gaze_direction_in_world": [-0.49125794125654915, -0.7864716381046583, -0.3743367436004008]}
{"frame_index": 46, "tracking_timestamp_ns": 907985072450, "slam_timestamp_ns": 907984930000, "gaze_timestamp_ns": 908018503000, "T_world_device": [[0.07615296418707218, 0.9872060333296688, -0.14008916376017022, -0.38775000000000004], [-0.029224881984617757, -0.13822688156332053, -0.9899693103759658, -0.34942300000000004], [-0.9966677642617463, 0.07948318671757637, 0.018324593057179817, -0.002056]], "gaze_centre_in_pixels": [895, 578], "gaze_direction_in_world": [-0.4842026232983147, -0.7882084178489444, -0.37983589828121095]}
{"frame_index": 47, "tracking_timestamp_ns": 908018399787, "slam_timestamp_ns": 908018492000, "gaze_timestamp_ns": 908018503000, "T_world_device": [[0.08160030637200233, 0.9879227715306803, -0.13171935124018336, -0.402441], [-0.02390280459076244, -0.1301822379471329, -0.9912019172982728, -0.355959], [-0.9963784652092254, 0.0840308420415713, 0.012991214457983347, -0.005278]], "gaze_centre_in_pixels": [895, 578], "gaze_direction_in_world": [-0.47546149530998527, -0.7905159194889515, -0.3860323140776303]}
{"frame_index": 48, "tracking_timestamp_ns": 908051727125, "slam_timestamp_ns": 908050887000, "gaze_timestamp_ns": 908018503000, "T_world_device": [[0.08708237286613896, 0.9887723260551194, -0.12143289325200018, -0.41772200000000004], [-0.01897053224653844, -0.12022792591021236, -0.9925650430765793, -0.36207400000000006], [-0.9960204712967933, 0.08873856579231759, 0.00828780422287756, -0.008905]], "gaze_centre_in_pixels": [895, 578], "gaze_direction_in_world": [-0.46514849765443983, -0.7938378133650467, -0.3917376688571307]}
{"frame_index": 49, "tracking_timestamp_ns": 908085058162, "slam_timestamp_ns": 908085838000, "gaze_timestamp_ns": 908018503000, "T_world_device": [[0.09267651021792833, 0.9896903589034066, -0.10919733489180339, -0.435744], [-0.01362482749269589, -0.10839854405849447, -0.9940141446286331, -0.368651], [-0.9956030476699138, 0.09360955688200379, 0.0034383616351975066, -0.013374000000000002]], "gaze_centre_in_pixels": [895, 578], "gaze_direction_in_world": [-0.4531824326323643, -0.7978298512156335, -0.39760937018970355]}
{"frame_index": 50, "tracking_timestamp_ns": 908118385500, "slam_timestamp_ns": 908118476000, "gaze_timestamp_ns": 908018503000, "T_world_device": [[0.09652037887300968, 0.9905839162194197, -0.0970943942233976, -0.45414299999999996], [-0.008333030970602007, -0.0967422086500418, -0.995274588071229, -0.37472900000000003], [-0.9952961253099771, 0.09687337091744913, -0.001083028179077239, -0.017696]], "gaze_centre_in_pixels": [895, 578], "gaze_direction_in_world": [-0.4419565293538467, -0.8016137687256161, -0.4026037654456511]}
{"frame_index": 51, "tracking_timestamp_ns": 908151712825, "slam_timestamp_ns": 908151684000, "gaze_timestamp_ns": 908218471000, "T_world_device": [[0.09759220619727405, 0.991635349765057, -0.08446948789877884, -0.47408600000000006], [-0.0034817539263200525, -0.08453392879566635, -0.9964145182964599, -0.380209], [-0.9952203970373323, 0.0975363930986915, -0.004797222337170393, -0.022097]], "gaze_centre_in_pixels": [874, 586], "gaze_direction_in_world": [-0.4507102995818856, -0.807944404443785, -0.3795867031111398]}
{"frame_index": 52, "tracking_timestamp_ns": 908185040125, "slam_timestamp_ns": 908185590000, "gaze_timestamp_ns": 908218471000, "T_world_device": [[0.09667047209221546, 0.9927265097724943, -0.0717558124502124, -0.496198], [0.0011266230199099558, -0.07220255913027751, -0.9973893528485303, -0.38578200000000007], [-0.9953158044289456, 0.09633725784949793, -0.008098284015774615, -0.026480000000000004]], "gaze_centre_in_pixels": [874, 586], "gaze_direction_in_world": [-0.44073182214625084, -0.8123426223321812, -0.38190957685049026]}
{"frame_index": 53, "tracking_timestamp_ns": 908218367450, "slam_timestamp_ns": 908218460000, "gaze_timestamp_ns": 908218471000, "T_world_device": [[0.09393100027338674, 0.9938638799628159, -0.05840852072170977, -0.519137], [0.006039241596787426, -0.05923563894535189, -0.9982257593549023, -0.39120499999999997], [-0.9955603923160947, 0.09341160090691758, -0.011566246903385924, -0.030506]], "gaze_centre_in_pixels": [874, 586], "gaze_direction_in_world": [-0.43084903501273214, -0.8167856453749345, -0.3837060314069214]}
{"frame_index": 54, "tracking_timestamp_ns": 908251698500, "slam_timestamp_ns": 908251452000, "gaze_timestamp_ns": 908218471000, "T_world_device": [[0.0904839589008466, 0.9950533362913294, -0.04100623266193304, -0.543712], [0.011996275611246665, -0.04226116653108192, -0.9990345755652761, -0.39752600000000005], [-0.9958256587139583, 0.08990468140718177, -0.015760891725541626, -0.03326]], "gaze_centre_in_pixels": [874, 586], "gaze_direction_in_world": [-0.41779983830764195, -0.8225196058496305, -0.3858818382653903]}
{"frame_index": 55, "tracking_timestamp_ns": 908285025825, "slam_timestamp_ns": 908285358000, "gaze_timestamp_ns": 908218471000, "T_world_device": [[0.09012402083332871, 0.9957737755211933, -0.017670564594878424, -0.569882], [0.022297833333682904, -0.01975578445501336, -0.999556159307315, -0.404447], [-0.9956809064642431, 0.0896900048212459, -0.02398406841442613, -0.034399000000000006]], "gaze_centre_in_pixels": [874, 586], "gaze_direction_in_world": [-0.39850322088544354, -0.828847512842722, -0.392691970122081]}
{"frame_index": 56, "tracking_timestamp_ns": 908318353162, "slam_timestamp_ns": 908318444000, "gaze_timestamp_ns": 908218471000, "T_world_device": [[0.09126885323010514, 0.9957687221243814, 0.010707402525256482, -0.59562], [0.035199746148632804, 0.007519641425267398, -0.9993520064841553, -0.411713], [-0.9952039862767499, 0.09158660945581365, -0.03436449719194079, -0.033412000000000004]], "gaze_centre_in_pixels": [874, 586], "gaze_direction_in_world": [-0.3741380972884322, -0.835669678045561, -0.40209062828250536]}
{"frame_index": 57, "tracking_timestamp_ns": 908351685412, "slam_timestamp_ns": 908351808000, "gaze_timestamp_ns": 908418439000, "T_world_device": [[0.09233124839286799, 0.9947760335705679, 0.04353830042414547, -0.6217300000000001], [0.04806346313161802, 0.039221575288655, -0.9980739309007485, -0.420103], [-0.9945676669196573, 0.0942460135256924, -0.04419100420339994, -0.029972000000000002]], "gaze_centre_in_pixels": [941, 408], "gaze_direction_in_world": [-0.08268809838095906, -0.8908919405372672, -0.4466253784458327]}
{"frame_index": 58, "tracking_timestamp_ns": 908385012700, "slam_timestamp_ns": 908385715000, "gaze_timestamp_ns": 908418439000, "T_world_device": [[0.09233761236088522, 0.9924121320165221, 0.08119067415604037, -0.6470100000000001], [0.06158258583741294, 0.07569116404499798, -0.9952278295983745, -0.429433], [-0.9938215888503674, 0.09689689320063177, -0.05412616394126646, -0.025872]], "gaze_centre_in_pixels": [941, 408], "gaze_direction_in_world": [-0.04822187054255102, -0.8888015169771325, -0.4557483018295577]}
{"frame_index": 59, "tracking_timestamp_ns": 908418336325, "slam_timestamp_ns": 908417671000, "gaze_timestamp_ns": 908418439000, "T_world_device": [[0.08947709345169019, 0.9887520286290772, 0.11984688410351818, -0.6691740000000002], [0.07162077823571389, 0.11363055249134912, -0.9909382229308855, -0.43886100000000006], [-0.9934104458240552, 0.09724979908665798, -0.06064785820831986, -0.022135999999999996]], "gaze_centre_in_pixels": [941, 408], "gaze_direction_in_world": [-0.013769204839689022, -0.887008994750595, -0.461546803942592]}
{"frame_index": 60, "tracking_timestamp_ns": 908451670662, "slam_timestamp_ns": 908452495000, "gaze_timestamp_ns": 908518423000, "T_world_device": [[0.08709208782081568, 0.9825054626856147, 0.16461465315073848, -0.690969], [0.07827998830993099, 0.15798209595548596, -0.9843342424134747, -0.449863], [-0.9931199382094837, 0.09861375740959377, -0.06315152555840164, -0.019549]], "gaze_centre_in_pixels": [924, 465], "gaze_direction_in_world": [-0.05471522098197657, -0.8853467059883894, -0.4617006116396231]}
{"frame_index": 61, "tracking_timestamp_ns": 908485012912, "slam_timestamp_ns": 908485449000, "gaze_timestamp_ns": 908518423000, "T_world_device": [[0.08840393857153361, 0.9739814163293432, 0.20867425401837925, -0.7097510000000001], [0.08178243748639685, 0.201689941001842, -0.9760290982432117, -0.46124699999999996], [-0.9927217014671454, 0.10335070557940085, -0.061824389139043756, -0.017939]], "gaze_centre_in_pixels": [924, 465], "gaze_direction_in_world": [-0.012887549054723368, -0.8870481184388569, -0.4614970711211999]}
{"frame_index": 62, "tracking_timestamp_ns": 908518325325, "slam_timestamp_ns": 908518412000, "gaze_timestamp_ns": 908518423000, "T_world_device": [[0.0931879042526077, 0.962835619945944, 0.25350263009349006, -0.7269550000000001], [0.08658269852367306, 0.24580936426235467, -0.9654435212674515, -0.473738], [-0.9918767316644573, 0.1119166002175147, -0.06045844670835887, -0.016924]], "gaze_centre_in_pixels": [924, 465], "gaze_direction_in_world": [0.03158746166560694, -0.8863157178355896, -0.46200290105486047]}
{"frame_index": 63, "tracking_timestamp_ns": 908551757750, "slam_timestamp_ns": 908552405000, "gaze_timestamp_ns": 908518423000, "T_world_device": [[0.09915361933372013, 0.9496291213078274, 0.29727612036143664, -0.743531], [0.09352974471023828, 0.2885315870198186, -0.9528912373121408, -0.488147], [-0.9906668191816366, 0.12228677465674082, -0.06020961814021186, -0.016442]], "gaze_centre_in_pixels": [924, 465], "gaze_direction_in_world": [0.07606906690354054, -0.8826702575641885, -0.46379598259578947]}
{"frame_index": 64, "tracking_timestamp_ns": 908584974537, "slam_timestamp_ns": 908585359000, "gaze_timestamp_ns": 908518423000, "T_world_device": [[0.10127286331942575, 0.9366552981420697, 0.3352919021054276, -0.7585470000000001], [0.10009278558642903, 0.32572160137154516, -0.9401525794643684, -0.503189], [-0.9898107098979251, 0.12877224414580518, -0.06076567870944194, -0.016818999999999997]], "gaze_centre_in_pixels": [924, 465], "gaze_direction_in_world": [0.11388250558815731, -0.877683187421189, -0.4655136919996506]}
{"frame_index": 65, "tracking_timestamp_ns": 908618304325, "slam_timestamp_ns": 908617314000, "gaze_timestamp_ns": 908518423000, "T_world_device": [[0.09989294882774458, 0.9245713974693186, 0.36768074433688963, -0.772376], [0.10611914528830507, 0.35752163721064956, -0.9278561342845648, -0.5187450000000001], [-0.9893230644121147, 0.13170425166959565, -0.06240083584676315, -0.018193]], "gaze_centre_in_pixels": [924, 465], "gaze_direction_in_world": [0.14512071541865956, -0.8720076844120858, -0.4674853754746224]}
{"frame_index": 66, "tracking_timestamp_ns": 908651632950, "slam_timestamp_ns": 908651384000, "gaze_timestamp_ns": 908718391000, "T_world_device": [[0.09654800160377763, 0.911842665766431, 0.39902560854447183, -0.785752], [0.11196516186530114, 0.3884041054650247, -0.9146617152731337, -0.5362159999999999], [-0.9890107612735031, 0.13298572760218674, -0.06459497147087512, -0.02044]], "gaze_centre_in_pixels": [844, 522], "gaze_direction_in_world": [0.07840933292407226, -0.9199801742293987, -0.38404225748639575]}
{"frame_index": 67, "tracking_timestamp_ns": 908684956162, "slam_timestamp_ns": 908684262000, "gaze_timestamp_ns": 908718391000, "T_world_device": [[0.09118062649913472, 0.8991274674871711, 0.4280839760623277, -0.79757], [0.1180278106425755, 0.4170872989808503, -0.9011701398425157, -0.554123], [-0.9888152149244802, 0.13269507239895872, -0.06809176525020844, -0.023822999999999997]], "gaze_centre_in_pixels": [844, 522], "gaze_direction_in_world": [0.10724844347347393, -0.9158098168543674, -0.38702732555426517]}
{"frame_index": 68, "tracking_timestamp_ns": 908718288575, "slam_timestamp_ns": 908718215000, "gaze_timestamp_ns": 908718391000, "T_world_device": [[0.08214751194857839, 0.8865237557973786, 0.45533220475556974, -0.808806], [0.12521052714486736, 0.44407581139043484, -0.8871972709775608, -0.573702], [-0.9887234750792371, 0.12989343380185492, -0.07452238376756704, -0.028684]], "gaze_centre_in_pixels": [844, 522], "gaze_direction_in_world": [0.1333827900384009, -0.910317998380225, -0.39182926530134593]}
{"frame_index": 69, "tracking_timestamp_ns": 908751611875, "slam_timestamp_ns": 908752166000, "gaze_timestamp_ns": 908718391000, "T_world_device": [[0.07125828698109404, 0.8749888558505138, 0.47887029420703164, -0.819509], [0.12926185535264556, 0.4679417304513688, -0.8742550598383576, -0.59359], [-0.9890468286624815, 0.12419758065110348, -0.07975795680119258, -0.034479]], "gaze_centre_in_pixels": [844, 522], "gaze_direction_in_world": [0.15529911029027285, -0.9055897874943268, -0.3947015621061436]}
{"frame_index": 70, "tracking_timestamp_ns": 908784939200, "slam_timestamp_ns": 908784121000, "gaze_timestamp_ns": 908718391000, "T_world_device": [[0.06062473805455704, 0.8645188082066296, 0.49893072805030264, -0.828497], [0.12903419257524928, 0.4888681954297288, -0.8627618817748811, -0.613502], [-0.9897852384645216, 0.11668383673101101, -0.08191498009192788, -0.039972]], "gaze_centre_in_pixels": [844, 522], "gaze_direction_in_world": [0.17380797085112962, -0.902388765487889, -0.3943162502229099]}
{"frame_index": 71, "tracking_timestamp_ns": 908818278575, "slam_timestamp_ns": 908818364000, "gaze_timestamp_ns": 908718391000, "T_world_device": [[0.04849198611437189, 0.8538900757937709, 0.5181894110685707, -0.837067], [0.12589987733641544, 0.5094364571326198, -0.8512483286508351, -0.6363440000000001], [-0.9908570775693937, 0.10651870542338104, -0.08280107019578864, -0.045219999999999996]], "gaze_centre_in_pixels": [844, 522], "gaze_direction_in_world": [0.19122431553193073, -0.8998753897312476, -0.3919917653540439]}
{"frame_index": 72, "tracking_timestamp_ns": 908851604875, "slam_timestamp_ns": 908851014000, "gaze_timestamp_ns": 908918359000, "T_world_device": [[0.034681898464702376, 0.8447545783664452, 0.5340289020716139, -0.8433280000000001], [0.11898365031060887, 0.5270597231251246, -0.8414576277020903, -0.6608780000000002], [-0.9922903087693876, 0.09272405614616053, -0.08223255154837927, -0.048451]], "gaze_centre_in_pixels": [815, 562], "gaze_direction_in_world": [0.14292504317698979, -0.9241718590679815, -0.3542298786659398]}
{"frame_index": 73, "tracking_timestamp_ns": 908884926125, "slam_timestamp_ns": 908885966000, "gaze_timestamp_ns": 908918359000, "T_world_device": [[0.020146457503938175, 0.8365522467239335, 0.5475166287439872, -0.849413], [0.1048611534934506, 0.5428394023937042, -0.8332643768317887, -0.6895159999999999], [-0.9942827861016528, 0.07420055060432695, -0.07678554259722148, -0.049496]], "gaze_centre_in_pixels": [815, 562], "gaze_direction_in_world": [0.1545276345695908, -0.9267167529344348, -0.3425160871915141]}
{"frame_index": 74, "tracking_timestamp_ns": 908918261950, "slam_timestamp_ns": 908917876000, "gaze_timestamp_ns": 908918359000, "T_world_device": [[0.0083477373590638, 0.8295671056837006, 0.5583446359091777, -0.8544930000000001], [0.08724272388599841, 0.5556307484736568, -0.8268392700395618, -0.7174550000000001], [-0.9961521080688107, 0.05561374396830299, -0.06773543438919183, -0.047814]], "gaze_centre_in_pixels": [815, 562], "gaze_direction_in_world": [0.16397009017617856, -0.9304918838521, -0.3275647472073053]}
{"frame_index": 75, "tracking_timestamp_ns": 908951582375, "slam_timestamp_ns": 908950759000, "gaze_timestamp_ns": 908918359000, "T_world_device": [[-0.004725959801604063, 0.8220496813923024, 0.5693961596522825, -0.860214], [0.06832473807171086, 0.5683373173558828, -0.8199539156977973, -0.7484400000000001], [-0.9976519410452653, 0.035028774222524595, -0.05885226847863767, -0.042499]], "gaze_centre_in_pixels": [815, 562], "gaze_direction_in_world": [0.17350814900710826, -0.9341470571252355, -0.3118720857858061]}
{"frame_index": 76, "tracking_timestamp_ns": 908984915950, "slam_timestamp_ns": 908985710000, "gaze_timestamp_ns": 908918359000, "T_world_device": [[-0.011398574487479163, 0.8135078160849619, 0.5814422634005283, -0.8660780000000001], [0.05911703642072064, 0.5810111864023082, -0.811745759015847, -0.781869], [-0.9981859789159957, 0.025120398962957813, -0.054714870478300925, -0.034514]], "gaze_centre_in_pixels": [815, 562], "gaze_direction_in_world": [0.18591131920727175, -0.9342274696852164, -0.30439450763141235]}
{"frame_index": 77, "tracking_timestamp_ns": 909018242450, "slam_timestamp_ns": 909018332000, "gaze_timestamp_ns": 908918359000, "T_world_device": [[-0.01676783495239409, 0.8039260930568062, 0.594492789370425, -0.8712390000000001], [0.06143567876682904, 0.594281328461218, -0.8019073263269447, -0.811515], [-0.9979701884753212, 0.023076818341991656, -0.059354556436236994, -0.028041]], "gaze_centre_in_pixels": [815, 562], "gaze_direction_in_world": [0.19993788519398586, -0.9302650285148405, -0.30762285153486185]}
{"frame_index": 78, "tracking_timestamp_ns": 909051566575, "slam_timestamp_ns": 909052533000, "gaze_timestamp_ns": 909118327000, "T_world_device": [[-0.02860067043355663, 0.7918122266540779, 0.6100945823164325, -0.8766020000000001], [0.06588134431338305, 0.6105103763466276, -0.7892634090369075, -0.8397980000000002], [-0.9974174903831459, 0.01762038859418863, -0.06962666000590034, -0.02298]], "gaze_centre_in_pixels": [804, 588], "gaze_direction_in_world": [0.1765499708843981, -0.9371233677193825, -0.3010480052333865]}
{"frame_index": 79, "tracking_timestamp_ns": 909084892950, "slam_timestamp_ns": 909084489000, "gaze_timestamp_ns": 909118327000, "T_world_device": [[-0.03958979650883854, 0.7796485997110669, 0.6249645661803248, -0.882211], [0.07014069881046076, 0.6260804339728463, -0.776597432758281, -0.8648520000000001], [-0.9967511878010326, 0.01309011707147778, -0.07947149458948188, -0.019064000000000005]], "gaze_centre_in_pixels": [804, 588], "gaze_direction_in_world": [0.19221917974201036, -0.9319448682891824, -0.3074582075807492]}
{"frame_index": 80, "tracking_timestamp_ns": 909118218500, "slam_timestamp_ns": 909118316000, "gaze_timestamp_ns": 909118327000, "T_world_device": [[-0.04559129424355479, 0.7671625851521373, 0.6398304477218067, -0.889064], [0.07593820006621638, 0.641304718349275, -0.7635192518814836, -0.890573], [-0.9960696881543486, 0.01377774167440804, -0.08749485798864076, -0.014979000000000001]], "gaze_centre_in_pixels": [804, 588], "gaze_direction_in_world": [0.20919043638871157, -0.9258979955080121, -0.31456678660937115]}
{"frame_index": 81, "tracking_timestamp_ns": 909151552075, "slam_timestamp_ns": 909151388000, "gaze_timestamp_ns": 909218311000, "T_world_device": [[-0.046732636336426214, 0.7558384725747715, 0.6530882513695095, -0.8981410000000001], [0.08109939062670979, 0.6545151284524668, -0.7516866604289498, -0.916281], [-0.9956098380093599, 0.017836759870761887, -0.09188525701269556, -0.012270000000000001]], "gaze_centre_in_pixels": [812, 600], "gaze_direction_in_world": [0.20558365932200962, -0.9203109927884338, -0.3328108104802778]}
{"frame_index": 82, "tracking_timestamp_ns": 909184883125, "slam_timestamp_ns": 909185387000, "gaze_timestamp_ns": 909218311000, "T_world_device": [[-0.04375740897008429, 0.7449531585899453, 0.6656801639429318, -0.90813], [0.08614697318144404, 0.6666500722268931, -0.7403758371337856, -0.9427270000000001], [-0.9953210477890541, 0.02494940293357939, -0.0933463396248484, -0.010424]], "gaze_centre_in_pixels": [812, 600], "gaze_direction_in_world": [0.2220354876186863, -0.9148704995166459, -0.33721241280844777]}
{"frame_index": 83, "tracking_timestamp_ns": 909218210450, "slam_timestamp_ns": 909217297000, "gaze_timestamp_ns": 909218311000, "T_world_device": [[-0.038910138063127375, 0.7351475157667264, 0.6767895767651263, -0.917717], [0.08773957185372122, 0.6772000363954427, -0.7305490252111331, -0.9679819999999999], [-0.995383227047168, 0.030955464267585053, -0.09085147519520076, -0.009699000000000001]], "gaze_centre_in_pixels": [812, 600], "gaze_direction_in_world": [0.23719096509800797, -0.9108371547089464, -0.3378107808782699]}
{"frame_index": 84, "tracking_timestamp_ns": 909251537787, "slam_timestamp_ns": 909252344000, "gaze_timestamp_ns": 909218311000, "T_world_device": [[-0.030699237114323985, 0.7199251381407525, 0.6933724484817788, -0.9265669999999999], [0.0867521145158453, 0.6930007739724074, -0.7156982589755783, -0.9937990000000001], [-0.9957568114091052, 0.038180135498223244, -0.08372962310741139, -0.009859000000000001]], "gaze_centre_in_pixels": [812, 600], "gaze_direction_in_world": [0.26031961446152296, -0.9055157904763067, -0.33507439699964203]}
{"frame_index": 85, "tracking_timestamp_ns": 909284865125, "slam_timestamp_ns": 909285345000, "gaze_timestamp_ns": 909218311000, "T_world_device": [[-0.025966086833145052, 0.7026219114718029, 0.7110894541858176, -0.9348500000000001], [0.08264736513656956, 0.7104029553934937, -0.698925642686096, -1.018645], [-0.9962405208435142, 0.04062130583696044, -0.07651623449663503, -0.011621999999999999]], "gaze_centre_in_pixels": [812, 600], "gaze_direction_in_world": [0.2845028539740278, -0.900043714819994, -0.3301203378976499]}
{"frame_index": 86, "tracking_timestamp_ns": 909318192450, "slam_timestamp_ns": 909317254000, "gaze_timestamp_ns": 909218311000, "T_world_device": [[-0.02275887797760867, 0.6875297037205258, 0.7257995177562235, -0.943386], [0.07669139837304495, 0.7250489722290554, -0.6844139224805245, -1.043737], [-0.9967950957387317, 0.04008608700729577, -0.06922891548808408, -0.014739]], "gaze_centre_in_pixels": [812, 600], "gaze_direction_in_world": [0.30473180440074205, -0.8957175545008332, -0.32377243543222567]}
{"frame_index": 87, "tracking_timestamp_ns": 909351519787, "slam_timestamp_ns": 909351206000, "gaze_timestamp_ns": 909418279000, "T_world_device": [[-0.02257636763097426, 0.6719780669763658, 0.740226847072773, -0.954417], [0.07160790290244912, 0.7396007463977264, -0.6692257049529997, -1.070703], [-0.997177324183871, 0.03789740664785651, -0.0648164385234371, -0.01703]], "gaze_centre_in_pixels": [814, 666], "gaze_direction_in_world": [0.2238139657929568, -0.9178337235380968, -0.3278544870094381]}
{"frame_index": 88, "tracking_timestamp_ns": 909384847625, "slam_timestamp_ns": 909385205000, "gaze_timestamp_ns": 909418279000, "T_world_device": [[-0.026019804931630697, 0.6533843680214868, 0.756579035776489, -0.965974], [0.07109673323620308, 0.7561282817278037, -0.6505499797052485, -1.097875], [-0.9971299936690601, 0.036863114308497924, -0.06612780450777533, -0.019932000000000002]], "gaze_centre_in_pixels": [814, 666], "gaze_direction_in_world": [0.24608920178264543, -0.9119414282964421, -0.32833357446753053]}
{"frame_index": 89, "tracking_timestamp_ns": 909418174200, "slam_timestamp_ns": 909418113000, "gaze_timestamp_ns": 909418279000, "T_world_device": [[-0.03282827130358279, 0.6319896795941576, 0.7742811824458166, -0.977709], [0.07258856042092676, 0.7741604829604111, -0.6288135236447452, -1.124349], [-0.9968215514821274, 0.03556109544118313, -0.07128957140975967, -0.022556]], "gaze_centre_in_pixels": [814, 666], "gaze_direction_in_world": [0.2700989485306128, -0.9038977315366912, -0.33168576834932384]}
{"frame_index": 90, "tracking_timestamp_ns": 909451501000, "slam_timestamp_ns": 909452056000, "gaze_timestamp_ns": 909418279000, "T_world_device": [[-0.04165707420773179, 0.6080470910668202, 0.7928073052221642, -0.98871], [0.07394209931598128, 0.7931963071252901, -0.6044602421264347, -1.153668], [-0.9963921186546978, 0.03344179133928843, -0.07800251582367346, -0.026430000000000002]], "gaze_centre_in_pixels": [814, 666], "gaze_direction_in_world": [0.2956293701462193, -0.8943357748410771, -0.3358076791057045]}
{"frame_index": 91, "tracking_timestamp_ns": 909484828500, "slam_timestamp_ns": 909484012000, "gaze_timestamp_ns": 909418279000, "T_world_device": [[-0.05057040496410026, 0.5852964573436177, 0.8092408116023176, -0.999711], [0.07686956512180954, 0.8101549943465363, -0.5811539856985819, -1.1820020000000002], [-0.9957578541491655, 0.032816796863412157, -0.08596135029113228, -0.028725]], "gaze_centre_in_pixels": [814, 666], "gaze_direction_in_world": [0.31881693891209695, -0.8840860550766223, -0.34168348903887]}
{"frame_index": 92, "tracking_timestamp_ns": 909518163162, "slam_timestamp_ns": 909518252000, "gaze_timestamp_ns": 909418279000, "T_world_device": [[-0.0664548497230586, 0.5564296327923974, 0.8282329483296372, -1.0116889999999998], [0.08162542058436884, 0.830317377994107, -0.551280638618314, -1.2131679999999998], [-0.99444509333734, 0.03096959075462663, -0.10059741937932776, -0.028372]], "gaze_centre_in_pixels": [814, 666], "gaze_direction_in_world": [0.3455767049311477, -0.869839432667726, -0.3520740012912327]}
{"frame_index": 93, "tracking_timestamp_ns": 909551495075, "slam_timestamp_ns": 909551957000, "gaze_timestamp_ns": 909618247000, "T_world_device": [[-0.08981972384045922, 0.5222366408702861, 0.8480573731427274, -1.02317], [0.0891425908402555, 0.8522969806566012, -0.5154061071251756, -1.244105], [-0.9919606926221978, 0.029304397215454525, -0.12310660663152251, -0.025892]], "gaze_centre_in_pixels": [870, 620], "gaze_direction_in_world": [0.4242738677851058, -0.7877526219297397, -0.44658424933878627]}
{"frame_index": 94, "tracking_timestamp_ns": 909584821537, "slam_timestamp_ns": 909584958000, "gaze_timestamp_ns": 909618247000, "T_world_device": [[-0.10877203113840994, 0.48583141118338996, 0.8672580268579712, -1.033347], [0.09863478758988647, 0.8734038595295414, -0.476903425062139, -1.274905], [-0.9891611718618577, 0.03366805706388687, -0.1429217898517232, -0.021967000000000004]], "gaze_centre_in_pixels": [870, 620], "gaze_direction_in_world": [0.4505436064920626, -0.7627436680440038, -0.4639316280529965]}
{"frame_index": 95, "tracking_timestamp_ns": 909618147375, "slam_timestamp_ns": 909617866000, "gaze_timestamp_ns": 909618247000, "T_world_device": [[-0.11792087517274963, 0.45114855479334115, 0.8846240154474513, -1.0419509999999998], [0.10752808377057535, 0.8914024554999868, -0.4402719313438256, -1.3061170000000002], [-0.9871840651059564, 0.04320467378043566, -0.1536260972764889, -0.017623]], "gaze_centre_in_pixels": [870, 620], "gaze_direction_in_world": [0.4777910045888165, -0.7380321431986078, -0.4764706827703874]}
{"frame_index": 96, "tracking_timestamp_ns": 909651480000, "slam_timestamp_ns": 909651811000, "gaze_timestamp_ns": 909618247000, "T_world_device": [[-0.11941352579965847, 0.41833575043132154, 0.9004085793500403, -1.050532], [0.11536278122741953, 0.9066012395188058, -0.4059133173602949, -1.338205], [-0.9861195863400996, 0.055402097559821784, -0.15652082616189822, -0.014143]], "gaze_centre_in_pixels": [870, 620], "gaze_direction_in_world": [0.5054369458553623, -0.7142443950656346, -0.48413679666157294]}
{"frame_index": 97, "tracking_timestamp_ns": 909684802750, "slam_timestamp_ns": 909683767000, "gaze_timestamp_ns": 909618247000, "T_world_device": [[-0.1174953474376792, 0.38989983252809, 0.9133306980087037, -1.056574], [0.12288449201277887, 0.918341000355612, -0.3762302601979473, -1.3686070000000001], [-0.9854411423079816, 0.06802887372594996, -0.15581343775913048, -0.011507]], "gaze_centre_in_pixels": [870, 620], "gaze_direction_in_world": [0.5298487512105057, -0.6927978498032445, -0.4891742431370123]}
{"frame_index": 98, "tracking_timestamp_ns": 909718125625, "slam_timestamp_ns": 909717720000, "gaze_timestamp_ns": 909618247000, "T_world_device": [[-0.11689311640263189, 0.3626816839295207, 0.9245528624582414, -1.0608520000000001], [0.13520002052987184, 0.9280795852065096, -0.3469715232863286, -1.4009599999999998], [-0.9838988534328125, 0.08444098332539873, -0.15752068609753067, -0.009528]], "gaze_centre_in_pixels": [870, 620], "gaze_direction_in_world": [0.5518611136681701, -0.6691688961449384, -0.49765680910954235]}
{"frame_index": 99, "tracking_timestamp_ns": 909751451750, "slam_timestamp_ns": 909751690000, "gaze_timestamp_ns": 909818215000, "T_world_device": [[-0.12071926774708897, 0.3390225483246134, 0.9330008414369688, -1.0615389999999998], [0.15194513598123752, 0.9351096943396754, -0.3201289352801494, -1.4328329999999998], [-0.9809890590859054, 0.10311920907107444, -0.16439858476977887, -0.008459]], "gaze_centre_in_pixels": [852, 647], "gaze_direction_in_world": [0.5429213197413991, -0.6819864169133385, -0.49003159869131263]}
{"frame_index": 100, "tracking_timestamp_ns": 909784781950, "slam_timestamp_ns": 909784690000, "gaze_timestamp_ns": 909818215000, "T_world_device": [[-0.12827397023831044, 0.321716956521076, 0.9381065975922552, -1.0606689999999999], [0.165916342487895, 0.9395511099353272, -0.29952542315258374, -1.463558], [-0.9777615025427934, 0.11722590032117865, -0.17389805185552976, -0.009353]], "gaze_centre_in_pixels": [852, 647], "gaze_direction_in_world": [0.5534054819934477, -0.6632783643424492, -0.5037898211504527]}
{"frame_index": 101, "tracking_timestamp_ns": 909818109287, "slam_timestamp_ns": 909818204000, "gaze_timestamp_ns": 909818215000, "T_world_device": [[-0.1397995373595391, 0.30872373925224333, 0.9408218440152055, -1.058527], [0.1752599164646541, 0.9428656356171328, -0.28335199814559764, -1.4945439999999999], [-0.9745460743519833, 0.1252758795395713, -0.18591907640348682, -0.012619]], "gaze_centre_in_pixels": [852, 647], "gaze_direction_in_world": [0.5585528281152256, -0.6490119973435974, -0.5165289590222001]}
{"frame_index": 102, "tracking_timestamp_ns": 909851436625, "slam_timestamp_ns": 909850539000, "gaze_timestamp_ns": 909918199000, "T_world_device": [[-0.15196413988216584, 0.29888224994120016, 0.942112679492193, -1.055742], [0.17798033031044766, 0.9458765738210764, -0.2713678483518007, -1.524473], [-0.9722293465085579, 0.12643934421922598, -0.1969344815438745, -0.017802]], "gaze_centre_in_pixels": [728, 840], "gaze_direction_in_world": [0.34623097828744903, -0.873356973037722, -0.34259554480539295]}
{"frame_index": 103, "tracking_timestamp_ns": 909884763950, "slam_timestamp_ns": 909885491000, "gaze_timestamp_ns": 909918199000, "T_world_device": [[-0.16469024044540737, 0.29082841619758054, 0.9424945395247871, -1.0516729999999999], [0.17625896717380757, 0.9488390965264686, -0.26198691836360355, -1.556778], [-0.9704689078960006, 0.12297642552473914, -0.20752565521472688, -0.025224]], "gaze_centre_in_pixels": [728, 840], "gaze_direction_in_world": [0.3510493209950269, -0.8699250906302866, -0.3464025273014308]}
