{"frame_index": 0, "tracking_timestamp_ns": 51432379125, "slam_timestamp_ns": null, "gaze_timestamp_ns": null, "T_world_device": null, "gaze_centre_in_pixels": null, "gaze_direction_in_world": null}
{"frame_index": 1, "tracking_timestamp_ns": 51465706450, "slam_timestamp_ns": null, "gaze_timestamp_ns": null, "T_world_device": null, "gaze_centre_in_pixels": null, "gaze_direction_in_world": null}
{"frame_index": 2, "tracking_timestamp_ns": 51499033787, "slam_timestamp_ns": null, "gaze_timestamp_ns": null, "T_world_device": null, "gaze_centre_in_pixels": null, "gaze_direction_in_world": null}
{"frame_index": 3, "tracking_timestamp_ns": 51532361112, "slam_timestamp_ns": null, "gaze_timestamp_ns": null, "T_world_device": null, "gaze_centre_in_pixels": null, "gaze_direction_in_world": null}
{"frame_index": 4, "tracking_timestamp_ns": 51565682362, "slam_timestamp_ns": null, "gaze_timestamp_ns": null, "T_world_device": null, "gaze_centre_in_pixels": null, "gaze_direction_in_world": null}
{"frame_index": 5, "tracking_timestamp_ns": 51599013412, "slam_timestamp_ns": null, "gaze_timestamp_ns": null, "T_world_device": null, "gaze_centre_in_pixels": null, "gaze_direction_in_world": null}
{"frame_index": 6, "tracking_timestamp_ns": 51632340737, "slam_timestamp_ns": null, "gaze_timestamp_ns": null, "T_world_device": null, "gaze_centre_in_pixels": null, "gaze_direction_in_world": null}
{"frame_index": 7, "tracking_timestamp_ns": 51665668075, "slam_timestamp_ns": null, "gaze_timestamp_ns": null, "T_world_device": null, "gaze_centre_in_pixels": null, "gaze_direction_in_world": null}
{"frame_index": 8, "tracking_timestamp_ns": 51698995412, "slam_timestamp_ns": null, "gaze_timestamp_ns": null, "T_world_device": null, "gaze_centre_in_pixels": null, "gaze_direction_in_world": null}
{"frame_index": 9, "tracking_timestamp_ns": 51732322700, "slam_timestamp_ns": null, "gaze_timestamp_ns": null, "T_world_device": null, "gaze_centre_in_pixels": null, "gaze_direction_in_world": null}
{"frame_index": 10, "tracking_timestamp_ns": 51765653787, "slam_timestamp_ns": null, "gaze_timestamp_ns": null, "T_world_device": null, "gaze_centre_in_pixels": null, "gaze_direction_in_world": null}
{"frame_index": 11, "tracking_timestamp_ns": 51798981112, "slam_timestamp_ns": null, "gaze_timestamp_ns": null, "T_world_device": null, "gaze_centre_in_pixels": null, "gaze_direction_in_world": null}
{"frame_index": 12, "tracking_timestamp_ns": 51832308412, "slam_timestamp_ns": null, "gaze_timestamp_ns": null, "T_world_device": null, "gaze_centre_in_pixels": null, "gaze_direction_in_world": null}
{"frame_index": 13, "tracking_timestamp_ns": 51865635737, "slam_timestamp_ns": null, "gaze_timestamp_ns": null, "T_world_device": null, "gaze_centre_in_pixels": null, "gaze_direction_in_world": null}
{"frame_index": 14, "tracking_timestamp_ns": 51898963075, "slam_timestamp_ns": null, "gaze_timestamp_ns": null, "T_world_device": null, "gaze_centre_in_pixels": null, "gaze_direction_in_world": null}
{"frame_index": 15, "tracking_timestamp_ns": 51932290412, "slam_timestamp_ns": null, "gaze_timestamp_ns": null, "T_world_device": null, "gaze_centre_in_pixels": null, "gaze_direction_in_world": null}
{"frame_index": 16, "tracking_timestamp_ns": 51965662412, "slam_timestamp_ns": null, "gaze_timestamp_ns": null, "T_world_device": null, "gaze_centre_in_pixels": null, "gaze_direction_in_world": null}
{"frame_index": 17, "tracking_timestamp_ns": 51998948787, "slam_timestamp_ns": null, "gaze_timestamp_ns": null, "T_world_device": null, "gaze_centre_in_pixels": null, "gaze_direction_in_world": null}
{"frame_index": 18, "tracking_timestamp_ns": 52032276112, "slam_timestamp_ns": null, "gaze_timestamp_ns": null, "T_world_device": null, "gaze_centre_in_pixels": null, "gaze_direction_in_world": null}
{"frame_index": 19, "tracking_timestamp_ns": 52065603450, "slam_timestamp_ns": null, "gaze_timestamp_ns": null, "T_world_device": null, "gaze_centre_in_pixels": null, "gaze_direction_in_world": null}
{"frame_index": 20, "tracking_timestamp_ns": 52098930787, "slam_timestamp_ns": null, "gaze_timestamp_ns": null, "T_world_device": null, "gaze_centre_in_pixels": null, "gaze_direction_in_world": null}
{"frame_index": 21, "tracking_timestamp_ns": 52132261825, "slam_timestamp_ns": null, "gaze_timestamp_ns": null, "T_world_device": null, "gaze_centre_in_pixels": null, "gaze_direction_in_world": null}
{"frame_index": 22, "tracking_timestamp_ns": 52165589162, "slam_timestamp_ns": null, "gaze_timestamp_ns": null, "T_world_device": null, "gaze_centre_in_pixels": null, "gaze_direction_in_world": null}
{"frame_index": 23, "tracking_timestamp_ns": 52198916487, "slam_timestamp_ns": null, "gaze_timestamp_ns": null, "T_world_device": null, "gaze_centre_in_pixels": null, "gaze_direction_in_world": null}
{"frame_index": 24, "tracking_timestamp_ns": 52232243787, "slam_timestamp_ns": null, "gaze_timestamp_ns": null, "T_world_device": null, "gaze_centre_in_pixels": null, "gaze_direction_in_world": null}
{"frame_index": 25, "tracking_timestamp_ns": 52265571112, "slam_timestamp_ns": null, "gaze_timestamp_ns": null, "T_world_device": null, "gaze_centre_in_pixels": null, "gaze_direction_in_world": null}
{"frame_index": 26, "tracking_timestamp_ns": 52298898450, "slam_timestamp_ns": null, "gaze_timestamp_ns": null, "T_world_device": null, "gaze_centre_in_pixels": null, "gaze_direction_in_world": null}
{"frame_index": 27, "tracking_timestamp_ns": 52332229487, "slam_timestamp_ns": null, "gaze_timestamp_ns": null, "T_world_device": null, "gaze_centre_in_pixels": null, "gaze_direction_in_world": null}
{"frame_index": 28, "tracking_timestamp_ns": 52365556825, "slam_timestamp_ns": null, "gaze_timestamp_ns": null, "T_world_device": null, "gaze_centre_in_pixels": null, "gaze_direction_in_world": null}
{"frame_index": 29, "tracking_timestamp_ns": 52398884162, "slam_timestamp_ns": null, "gaze_timestamp_ns": null, "T_world_device": null, "gaze_centre_in_pixels": null, "gaze_direction_in_world": null}
{"frame_index": 30, "tracking_timestamp_ns": 52432211487, "slam_timestamp_ns": null, "gaze_timestamp_ns": null, "T_world_device": null, "gaze_centre_in_pixels": null, "gaze_direction_in_world": null}
{"frame_index": 31, "tracking_timestamp_ns": 52465538825, "slam_timestamp_ns": null, "gaze_timestamp_ns": null, "T_world_device": null, "gaze_centre_in_pixels": null, "gaze_direction_in_world": null}
{"frame_index": 32, "tracking_timestamp_ns": 52498869862, "slam_timestamp_ns": null, "gaze_timestamp_ns": null, "T_world_device": null, "gaze_centre_in_pixels": null, "gaze_direction_in_world": null}
{"frame_index": 33, "tracking_timestamp_ns": 52532197200, "slam_timestamp_ns": null, "gaze_timestamp_ns": null, "T_world_device": null, "gaze_centre_in_pixels": null, "gaze_direction_in_world": null}
{"frame_index": 34, "tracking_timestamp_ns": 52565524537, "slam_timestamp_ns": null, "gaze_timestamp_ns": null, "T_world_device": null, "gaze_centre_in_pixels": null, "gaze_direction_in_world": null}
{"frame_index": 35, "tracking_timestamp_ns": 52598874200, "slam_timestamp_ns": null, "gaze_timestamp_ns": null, "T_world_device": null, "gaze_centre_in_pixels": null, "gaze_direction_in_world": null}
{"frame_index": 36, "tracking_timestamp_ns": 52632179162, "slam_timestamp_ns": null, "gaze_timestamp_ns": null, "T_world_device": null, "gaze_centre_in_pixels": null, "gaze_direction_in_world": null}
{"frame_index": 37, "tracking_timestamp_ns": 52665506487, "slam_timestamp_ns": null, "gaze_timestamp_ns": null, "T_world_device": null, "gaze_centre_in_pixels": null, "gaze_direction_in_world": null}
{"frame_index": 38, "tracking_timestamp_ns": 52698837537, "slam_timestamp_ns": null, "gaze_timestamp_ns": null, "T_world_device": null, "gaze_centre_in_pixels": null, "gaze_direction_in_world": null}
{"frame_index": 39, "tracking_timestamp_ns": 52732164862, "slam_timestamp_ns": null, "gaze_timestamp_ns": null, "T_world_device": null, "gaze_centre_in_pixels": null, "gaze_direction_in_world": null}
{"frame_index": 40, "tracking_timestamp_ns": 52765492200, "slam_timestamp_ns": null, "gaze_timestamp_ns": null, "T_world_device": null, "gaze_centre_in_pixels": null, "gaze_direction_in_world": null}
{"frame_index": 41, "tracking_timestamp_ns": 52798819537, "slam_timestamp_ns": null, "gaze_timestamp_ns": null, "T_world_device": null, "gaze_centre_in_pixels": null, "gaze_direction_in_world": null}
{"frame_index": 42, "tracking_timestamp_ns": 52832146862, "slam_timestamp_ns": null, "gaze_timestamp_ns": null, "T_world_device": null, "gaze_centre_in_pixels": null, "gaze_direction_in_world": null}
{"frame_index": 43, "tracking_timestamp_ns": 52865477912, "slam_timestamp_ns": null, "gaze_timestamp_ns": null, "T_world_device": null, "gaze_centre_in_pixels": null, "gaze_direction_in_world": null}
{"frame_index": 44, "tracking_timestamp_ns": 52898805237, "slam_timestamp_ns": null, "gaze_timestamp_ns": null, "T_world_device": null, "gaze_centre_in_pixels": null, "gaze_direction_in_world": null}
{"frame_index": 45, "tracking_timestamp_ns": 52932132575, "slam_timestamp_ns": 52932232000, "gaze_timestamp_ns": 52898909000, "T_world_device": [[0.14088101242048578, 0.9818293799494213, -0.12713618292018153, -0.065601], [0.050543965290977655, -0.13538234818318773, -0.9895033741089873, -0.07109500000000002], [-0.9887354792420686, 0.13297627032121573, -0.0686983523777358, -0.007717]], "gaze_centre_in_pixels": [649, 787], "gaze_direction_in_world": [-0.790852602266923, -0.594766175913599, -0.1442406235314787]}
{"frame_index": 46, "tracking_timestamp_ns": 52965459912, "slam_timestamp_ns": 52966314000, "gaze_timestamp_ns": 52898909000, "T_world_device": [[0.13814553328400747, 0.9823394284762641, -0.12619452798994202, -0.065129], [0.0487041861896802, -0.13400007748979448, -0.9897837549082782, -0.072908], [-0.9892136846411287, 0.13058800287031064, -0.06635555459089826, -0.0065190000000000005]], "gaze_centre_in_pixels": [649, 787], "gaze_direction_in_world": [-0.7905622757490133, -0.5959527693145463, -0.14089565255487554]}
{"frame_index": 47, "tracking_timestamp_ns": 52998787237, "slam_timestamp_ns": 52998882000, "gaze_timestamp_ns": 52898909000, "T_world_device": [[0.1363975232308079, 0.9826014501162568, -0.12605596330967545, -0.06463200000000001], [0.047004913154921446, -0.13352108653541306, -0.9899306327161013, -0.07475200000000001], [-0.989538404406721, 0.12909883686475138, -0.06439904133113106, -0.005209]], "gaze_centre_in_pixels": [649, 787], "gaze_direction_in_world": [-0.7906547937524488, -0.5963999138239714, -0.1384634966589822]}
{"frame_index": 48, "tracking_timestamp_ns": 53032114537, "slam_timestamp_ns": 53032213000, "gaze_timestamp_ns": 53098877000, "T_world_device": [[0.13427321236486378, 0.9828483687132753, -0.12641118842441845, -0.06405899999999999], [0.046423396970112996, -0.13366531300939188, -0.9899386103753387, -0.076381], [-0.9898563394023273, 0.12705380047741538, -0.06357483094173033, -0.004622]], "gaze_centre_in_pixels": [751, 482], "gaze_direction_in_world": [-0.3933803002595794, -0.8878904190816179, -0.23854253933156666]}
{"frame_index": 49, "tracking_timestamp_ns": 53065445612, "slam_timestamp_ns": 53065248000, "gaze_timestamp_ns": 53098877000, "T_world_device": [[0.1297942555361412, 0.9836791710054604, -0.12461436417937166, -0.06323600000000001], [0.048658249339843807, -0.13184499571403463, -0.9900753869662389, -0.07823100000000002], [-0.9903463161949967, 0.12244258097237393, -0.06497682943806327, -0.004254999999999999]], "gaze_centre_in_pixels": [751, 482], "gaze_direction_in_world": [-0.392568549410534, -0.8882449092170591, -0.23856008732327252]}
{"frame_index": 50, "tracking_timestamp_ns": 53098772912, "slam_timestamp_ns": 53098283000, "gaze_timestamp_ns": 53098877000, "T_world_device": [[0.12568589086084936, 0.9844255923638794, -0.12291993303585724, -0.062477], [0.05101442212161594, -0.13015178921824222, -0.9901808120231818, -0.08029600000000002], [-0.9907575816384713, 0.11818106812140072, -0.06657814629120096, -0.003859]], "gaze_centre_in_pixels": [751, 482], "gaze_direction_in_world": [-0.3917756197287483, -0.8885146584115594, -0.23885888213324838]}
{"frame_index": 51, "tracking_timestamp_ns": 53132100237, "slam_timestamp_ns": 53132304000, "gaze_timestamp_ns": 53098877000, "T_world_device": [[0.12186367192617187, 0.9852315286533173, -0.1202833338917656, -0.061777], [0.05326091596030608, -0.12750306523415778, -0.990407109822503, -0.083059], [-0.9911168045673223, 0.11428824656692294, -0.06801232536032487, -0.003252]], "gaze_centre_in_pixels": [751, 482], "gaze_direction_in_world": [-0.3900705191735373, -0.8891990702952994, -0.23910249571608885]}
{"frame_index": 52, "tracking_timestamp_ns": 53165427575, "slam_timestamp_ns": 53166386000, "gaze_timestamp_ns": 53098877000, "T_world_device": [[0.11723339223972007, 0.9862776451192521, -0.11624430515939482, -0.060892], [0.05572296758263523, -0.12339977695873006, -0.990791323100036, -0.086339], [-0.9915398542810834, 0.10967635016063465, -0.06942489170095456, -0.00267]], "gaze_centre_in_pixels": [751, 482], "gaze_direction_in_world": [-0.3872281839185963, -0.8904357429598484, -0.23912030703946646]}
{"frame_index": 53, "tracking_timestamp_ns": 53198754912, "slam_timestamp_ns": 53198375000, "gaze_timestamp_ns": 53098877000, "T_world_device": [[0.11114642550589804, 0.9872190516898041, -0.11421478047059375, -0.060151], [0.05621948162429152, -0.12098871310336934, -0.9910605941048645, -0.08976300000000001], [-0.992212599185859, 0.10373174674261848, -0.06894840632362387, -0.001909]], "gaze_centre_in_pixels": [751, 482], "gaze_direction_in_world": [-0.38645825938324213, -0.8913384736967153, -0.2369931202851359]}
{"frame_index": 54, "tracking_timestamp_ns": 53232108287, "slam_timestamp_ns": 53232390000, "gaze_timestamp_ns": 53298845000, "T_world_device": [[0.10210996284952745, 0.9881194714025388, -0.11486281261590214, -0.05963500000000001], [0.05421667689090576, -0.1208226505061405, -0.991192432916827, -0.09367], [-0.9932945723368147, 0.09498314250349316, -0.06590975046520775, -0.0006460000000000001]], "gaze_centre_in_pixels": [788, 676], "gaze_direction_in_world": [-0.6217297628490742, -0.7135291408867596, -0.32299886546710455]}
{"frame_index": 55, "tracking_timestamp_ns": 53265413287, "slam_timestamp_ns": 53265409000, "gaze_timestamp_ns": 53298845000, "T_world_device": [[0.09377892908555185, 0.9886461872120146, -0.11740625609699512, -0.059451000000000004], [0.05121864786824937, -0.12256062192050976, -0.9911385090213204, -0.09777400000000001], [-0.9942746917075358, 0.08693451826290854, -0.06213072480086401, 0.000553]], "gaze_centre_in_pixels": [788, 676], "gaze_direction_in_world": [-0.6258804074573912, -0.7131703630415553, -0.31569249094672186]}
{"frame_index": 56, "tracking_timestamp_ns": 53298740612, "slam_timestamp_ns": 53298834000, "gaze_timestamp_ns": 53298845000, "T_world_device": [[0.08904716560381887, 0.9886635120534114, -0.1208927716289947, -0.059506], [0.04933743515859168, -0.12560421845485514, -0.9908528638492786, -0.10224100000000001], [-0.9948047143987095, 0.08226809977481708, -0.0599628215608885, 0.0013909999999999999]], "gaze_centre_in_pixels": [788, 676], "gaze_direction_in_world": [-0.6297137785198498, -0.7116524146769808, -0.3114665276184205]}
{"frame_index": 57, "tracking_timestamp_ns": 53332067950, "slam_timestamp_ns": 53331561000, "gaze_timestamp_ns": 53298845000, "T_world_device": [[0.08912099513963989, 0.9879473806911212, -0.12655995105432521, -0.059742], [0.04846705605836671, -0.1312165803871057, -0.990168245051592, -0.10673700000000001], [-0.9948408881335524, 0.08211079111217445, -0.0595770533055926, 0.0016270000000000002]], "gaze_centre_in_pixels": [788, 676], "gaze_direction_in_world": [-0.6338308954355245, -0.7081588190025694, -0.31107793727663724]}
{"frame_index": 58, "tracking_timestamp_ns": 53365395287, "slam_timestamp_ns": 53365552000, "gaze_timestamp_ns": 53298845000, "T_world_device": [[0.09134408212563305, 0.9867620063479734, -0.1340037368462082, -0.060215], [0.04729740068218202, -0.13871345342474584, -0.9892024735754001, -0.11157], [-0.9946955386193983, 0.08401976355062607, -0.059341931073754184, 0.001572]], "gaze_centre_in_pixels": [788, 676], "gaze_direction_in_world": [-0.6386370215528759, -0.7034526688304364, -0.3119248265486535]}
{"frame_index": 59, "tracking_timestamp_ns": 53398722612, "slam_timestamp_ns": 53398818000, "gaze_timestamp_ns": 53298845000, "T_world_device": [[0.09559709151073137, 0.9851659087803559, -0.14251080054390203, -0.06076499999999999], [0.04415506720506662, -0.14722240091287686, -0.9881173486532678, -0.11658500000000001], [-0.9944403079797222, 0.08816857062708372, -0.057574100242834714, 0.001583]], "gaze_centre_in_pixels": [788, 676], "gaze_direction_in_world": [-0.6436203275677892, -0.6985168344026266, -0.31277325013125007]}
{"frame_index": 60, "tracking_timestamp_ns": 53432053662, "slam_timestamp_ns": 53432680000, "gaze_timestamp_ns": 53498813000, "T_world_device": [[0.09947383699239654, 0.9836335645654846, -0.15023304035467544, -0.060995999999999995], [0.041907802852773735, -0.1549894000157468, -0.9870268597879253, -0.12212000000000002], [-0.9941572772021858, 0.0918874123205049, -0.05663931181589743, 0.0018759999999999998]], "gaze_centre_in_pixels": [750, 606], "gaze_direction_in_world": [-0.5789836012493785, -0.777262848675389, -0.24625282445754812]}
{"frame_index": 61, "tracking_timestamp_ns": 53465380987, "slam_timestamp_ns": 53465715000, "gaze_timestamp_ns": 53498813000, "T_world_device": [[0.10239281369045927, 0.9825327779365365, -0.1553867818859233, -0.060863], [0.04153907251282618, -0.1602948354317233, -0.9861947430344022, -0.127982], [-0.9938763590906692, 0.09452463178573778, -0.057226539528837606, 0.0018859999999999999]], "gaze_centre_in_pixels": [750, 606], "gaze_direction_in_world": [-0.5824869961947751, -0.7740951006364788, -0.24796305054299492]}
{"frame_index": 62, "tracking_timestamp_ns": 53498708287, "slam_timestamp_ns": 53497750000, "gaze_timestamp_ns": 53498813000, "T_world_device": [[0.10453935263733427, 0.9819811625604782, -0.15743100116094966, -0.060327], [0.04199769658544267, -0.1625160864241999, -0.985811703691369, -0.13404200000000002], [-0.9936335930470972, 0.09644437790630339, -0.058230273385774245, 0.001837]], "gaze_centre_in_pixels": [750, 606], "gaze_direction_in_world": [-0.5836694672408482, -0.7726439633601323, -0.24970234058560756]}
{"frame_index": 63, "tracking_timestamp_ns": 53532035612, "slam_timestamp_ns": 53532778000, "gaze_timestamp_ns": 53498813000, "T_world_device": [[0.10712766286279862, 0.9816561248964761, -0.1577178376176538, -0.060006], [0.0441489903209919, -0.16317096632615558, -0.9856095080719471, -0.14142200000000002], [-0.993264582325974, 0.09862295980867075, -0.060819251026182464, 0.001709]], "gaze_centre_in_pixels": [750, 606], "gaze_direction_in_world": [-0.5833648886231979, -0.7718268587377871, -0.25292035673825036]}
{"frame_index": 64, "tracking_timestamp_ns": 53565362950, "slam_timestamp_ns": 53565813000, "gaze_timestamp_ns": 53498813000, "T_world_device": [[0.10877218635075825, 0.9813529257465066, -0.15847727472810635, -0.059901], [0.04632115183790014, -0.16425370602642908, -0.9853299299975585, -0.14850700000000003], [-0.9929868893237644, 0.0998356408571367, -0.06332363260078067, 0.0015240000000000002]], "gaze_centre_in_pixels": [750, 606], "gaze_direction_in_world": [-0.5836268333118086, -0.7707375428807145, -0.25562347199079577]}
{"frame_index": 65, "tracking_timestamp_ns": 53598693987, "slam_timestamp_ns": 53597848000, "gaze_timestamp_ns": 53498813000, "T_world_device": [[0.11065319128341433, 0.9807116128602473, -0.16112294578938346, -0.060301], [0.046787092972182975, -0.1670789819898162, -0.9848327683969798, -0.15544300000000005], [-0.9927571904499148, 0.1014364144590057, -0.06437246796334906, 0.001454]], "gaze_centre_in_pixels": [750, 606], "gaze_direction_in_world": [-0.5853301868876466, -0.7689013043521595, -0.25725348682499977]}
{"frame_index": 66, "tracking_timestamp_ns": 53632021325, "slam_timestamp_ns": 53632879000, "gaze_timestamp_ns": 53698781000, "T_world_device": [[0.11425214093656555, 0.9796121865877779, -0.16524651941909074, -0.061015], [0.04685068703012962, -0.17146366504233823, -0.9840758226351535, -0.162695], [-0.9923464422348761, 0.10469085661585631, -0.06548559478864258, 0.000793]], "gaze_centre_in_pixels": [746, 598], "gaze_direction_in_world": [-0.5793421243496307, -0.7755711400663152, -0.2507032302350588]}
{"frame_index": 67, "tracking_timestamp_ns": 53665348662, "slam_timestamp_ns": 53664913000, "gaze_timestamp_ns": 53698781000, "T_world_device": [[0.11781905046150398, 0.9784244823100616, -0.16971801249318585, -0.062145], [0.04655105322666109, -0.17616229358076252, -0.9832598058315276, -0.169174], [-0.9919433808397724, 0.10794618444693976, -0.06630196431109003, -8.1e-05]], "gaze_centre_in_pixels": [746, 598], "gaze_direction_in_world": [-0.582187372043017, -0.7727355420261415, -0.2528589447166372]}
{"frame_index": 68, "tracking_timestamp_ns": 53698675987, "slam_timestamp_ns": 53698770000, "gaze_timestamp_ns": 53698781000, "T_world_device": [[0.12136569185463608, 0.976928244211178, -0.17573154100249316, -0.06397699999999999], [0.04476350144008373, -0.1822468845180758, -0.9822333236162779, -0.17577500000000001], [-0.9915980021054247, 0.11134306779463526, -0.0658492480944941, -0.001031]], "gaze_centre_in_pixels": [746, 598], "gaze_direction_in_world": [-0.5862432688151308, -0.7692946831851161, -0.2539774009475289]}
{"frame_index": 69, "tracking_timestamp_ns": 53732003325, "slam_timestamp_ns": 53731994000, "gaze_timestamp_ns": 53698781000, "T_world_device": [[0.12519513795887893, 0.9752185510379934, -0.18241424051541139, -0.06678100000000001], [0.043583156340955, -0.1890892581796355, -0.9809922328563236, -0.182035], [-0.9911743973261302, 0.11486526956583654, -0.06617615834083024, -0.001875]], "gaze_centre_in_pixels": [746, 598], "gaze_direction_in_world": [-0.5907452182744982, -0.7652279712440152, -0.2558246256942126]}
{"frame_index": 70, "tracking_timestamp_ns": 53765330662, "slam_timestamp_ns": 53764983000, "gaze_timestamp_ns": 53698781000, "T_world_device": [[0.12886428959174112, 0.9736924302745724, -0.18792830040739816, -0.07028000000000001], [0.04411038131517975, -0.1949489799048134, -0.9798209884944815, -0.18793100000000001], [-0.9906807099808927, 0.11797434661853523, -0.06807190618518422, -0.00281]], "gaze_centre_in_pixels": [746, 598], "gaze_direction_in_world": [-0.5943322061463681, -0.7614254570402365, -0.25884455201579554]}
{"frame_index": 71, "tracking_timestamp_ns": 53798661700, "slam_timestamp_ns": 53798754000, "gaze_timestamp_ns": 53698781000, "T_world_device": [[0.13159818807417112, 0.9727474116156791, -0.19090413848471588, -0.07469200000000002], [0.04555213024266519, -0.19830951686419396, -0.9790803536745312, -0.193622], [-0.9902559872709431, 0.12014911034246728, -0.07040788988432478, -0.003497]], "gaze_centre_in_pixels": [746, 598], "gaze_direction_in_world": [-0.5961018607640383, -0.7590177417807485, -0.2618294086914302]}
{"frame_index": 72, "tracking_timestamp_ns": 53831989037, "slam_timestamp_ns": 53832001000, "gaze_timestamp_ns": 53898749000, "T_world_device": [[0.1337846684127827, 0.97221974567855, -0.1920688121752666, -0.080469], [0.04811497259924097, -0.19995480302268587, -0.9786230255619033, -0.19939500000000002], [-0.9898417105322731, 0.12168337134093182, -0.073529213443698, -0.003736]], "gaze_centre_in_pixels": [738, 587], "gaze_direction_in_world": [-0.5872942487748272, -0.7693128047400206, -0.2514821540766951]}
{"frame_index": 73, "tracking_timestamp_ns": 53865316362, "slam_timestamp_ns": 53865991000, "gaze_timestamp_ns": 53898749000, "T_world_device": [[0.1363306950188381, 0.9714365407128094, -0.19422921758481793, -0.087953], [0.05136839134456933, -0.20272789597710839, -0.9778868485481158, -0.20475900000000002], [-0.9893306979803829, 0.12333875125289939, -0.07753916734801614, -0.0039570000000000004]], "gaze_centre_in_pixels": [738, 587], "gaze_direction_in_world": [-0.5885142196314165, -0.766986433259512, -0.2557006540614961]}
{"frame_index": 74, "tracking_timestamp_ns": 53898643662, "slam_timestamp_ns": 53898738000, "gaze_timestamp_ns": 53898749000, "T_world_device": [[0.13979875889484317, 0.970426856063083, -0.1967943699473697, -0.09666300000000001], [0.05447242340271419, -0.20598237802340202, -0.977038389743443, -0.20927800000000002], [-0.9886804651150427, 0.12586888803570606, -0.08165758338671303, -0.004338]], "gaze_centre_in_pixels": [738, 587], "gaze_direction_in_world": [-0.5898676990214249, -0.7643651630050015, -0.2603881626255453]}
{"frame_index": 75, "tracking_timestamp_ns": 53931970987, "slam_timestamp_ns": 53932111000, "gaze_timestamp_ns": 53898749000, "T_world_device": [[0.1449932009998972, 0.9691238354673941, -0.1994391215202556, -0.10676300000000002], [0.056485726718438434, -0.20934804836133636, -0.976208357536643, -0.21283900000000003], [-0.9878189785284013, 0.13027811088693164, -0.08509570778152797, -0.005259]], "gaze_centre_in_pixels": [738, 587], "gaze_direction_in_world": [-0.5909300177453096, -0.76185583893274, -0.26528738155370063]}
{"frame_index": 76, "tracking_timestamp_ns": 53965298325, "slam_timestamp_ns": 53966101000, "gaze_timestamp_ns": 53898749000, "T_world_device": [[0.1520976141380359, 0.9674184180625615, -0.20240533631020702, -0.11854999999999999], [0.057502604251900125, -0.21310248470038684, -0.9753362402365506, -0.21581100000000003], [-0.9866913226930529, 0.13670748117002302, -0.08804145792966667, -0.006808000000000001]], "gaze_centre_in_pixels": [738, 587], "gaze_direction_in_world": [-0.5918417094061065, -0.7592680984957607, -0.27062029786010006]}
{"frame_index": 77, "tracking_timestamp_ns": 53998629362, "slam_timestamp_ns": 53998722000, "gaze_timestamp_ns": 53898749000, "T_world_device": [[0.15998908372164777, 0.9655904309817148, -0.20503319898605177, -0.131192], [0.05756104826414832, -0.2164811490561156, -0.9745884453583864, -0.21811300000000003], [-0.9854390994945553, 0.1441215865160046, -0.09021501808163568, -0.008815]], "gaze_centre_in_pixels": [738, 587], "gaze_direction_in_world": [-0.5922944160151435, -0.7570863303080947, -0.2756947827179591]}
{"frame_index": 78, "tracking_timestamp_ns": 54031956700, "slam_timestamp_ns": 54032247000, "gaze_timestamp_ns": 54098717000, "T_world_device": [[0.16857166758959408, 0.9636705428900287, -0.20717788890733668, -0.14555800000000002], [0.057771045712775526, -0.21948370352379198, -0.9739042099532853, -0.220573], [-0.9839949690741899, 0.15220377345360941, -0.0926709888971009, -0.011406]], "gaze_centre_in_pixels": [682, 766], "gaze_direction_in_world": [-0.8051651690176937, -0.5489507511607896, -0.22441506945994838]}
{"frame_index": 79, "tracking_timestamp_ns": 54065284037, "slam_timestamp_ns": 54066237000, "gaze_timestamp_ns": 54098717000, "T_world_device": [[0.17611453471983785, 0.961940626171258, -0.20893516310488025, -0.16144100000000003], [0.057822966984976076, -0.22199568013836335, -0.9733316097245377, -0.222661], [-0.9826699217689882, 0.15933659253653376, -0.0947189269859896, -0.014345]], "gaze_centre_in_pixels": [682, 766], "gaze_direction_in_world": [-0.8048387567650753, -0.5468022063187491, -0.2307421131345472]}
{"frame_index": 80, "tracking_timestamp_ns": 54098611362, "slam_timestamp_ns": 54098272000, "gaze_timestamp_ns": 54098717000, "T_world_device": [[0.17892453191289825, 0.9614627400256361, -0.20874724290908914, -0.17748500000000003], [0.05808878758328673, -0.2221244300871712, -0.9732864071359227, -0.224306], [-0.9821464781980609, 0.16201894056203858, -0.09559371455436039, -0.017084000000000002]], "gaze_centre_in_pixels": [682, 766], "gaze_direction_in_world": [-0.8042234884355438, -0.546666585422747, -0.2331956797001158]}
{"frame_index": 81, "tracking_timestamp_ns": 54131938700, "slam_timestamp_ns": 54131310000, "gaze_timestamp_ns": 54098717000, "T_world_device": [[0.17725259409704763, 0.9623397298296179, -0.20611589525634655, -0.195362], [0.05794260108656751, -0.21927317531530655, -0.9739414405222041, -0.226026], [-0.9824582295778229, 0.1606907557347369, -0.09462720621580756, -0.019409000000000003]], "gaze_centre_in_pixels": [682, 766], "gaze_direction_in_world": [-0.8030170481275355, -0.5491136595329549, -0.23159837937875463]}
{"frame_index": 82, "tracking_timestamp_ns": 54165269737, "slam_timestamp_ns": 54165347000, "gaze_timestamp_ns": 54098717000, "T_world_device": [[0.1714672438285041, 0.9646095205440345, -0.20031838949448522, -0.214876], [0.0569918641929531, -0.21270117093535346, -0.9754538119760163, -0.22742600000000002], [-0.9835399898883971, 0.15584185817211454, -0.0914461783334557, -0.021462000000000002]], "gaze_centre_in_pixels": [682, 766], "gaze_direction_in_world": [-0.8007039348190628, -0.5547886544787065, -0.2260149500076858]}
{"frame_index": 83, "tracking_timestamp_ns": 54198597075, "slam_timestamp_ns": 54198383000, "gaze_timestamp_ns": 54098717000, "T_world_device": [[0.1649105442089247, 0.9673720284332377, -0.19234310752839429, -0.23492800000000003], [0.05667654050660875, -0.2039852530324604, -0.9773319734366035, -0.22837], [-0.9846787710542555, 0.15027100568721252, -0.08846661904263486, -0.023104]], "gaze_centre_in_pixels": [682, 766], "gaze_direction_in_world": [-0.7971989025204019, -0.5621723268074376, -0.22008222279906747]}
{"frame_index": 84, "tracking_timestamp_ns": 54231924412, "slam_timestamp_ns": 54231409000, "gaze_timestamp_ns": 54298685000, "T_world_device": [[0.1565897184959386, 0.970627770039385, -0.18265101174023973, -0.256011], [0.05844183936696362, -0.193714223640034, -0.97931575652133, -0.228559], [-0.9859331678530592, 0.14267631754397558, -0.08705892797020809, -0.024701999999999998]], "gaze_centre_in_pixels": [788, 783], "gaze_direction_in_world": [-0.760828834619331, -0.5278048750416525, -0.3775731694573333]}
{"frame_index": 85, "tracking_timestamp_ns": 54265251737, "slam_timestamp_ns": 54265446000, "gaze_timestamp_ns": 54298685000, "T_world_device": [[0.1458660933544853, 0.9743997628724306, -0.17107946961471482, -0.2793280000000001], [0.06316911537946962, -0.18174970625428943, -0.9813137658968487, -0.22853400000000001], [-0.987285544141955, 0.132333466631201, -0.08806309066625495, -0.025008000000000002]], "gaze_centre_in_pixels": [788, 783], "gaze_direction_in_world": [-0.7578459382147493, -0.5363870056810097, -0.3714276700354546]}
{"frame_index": 86, "tracking_timestamp_ns": 54298579037, "slam_timestamp_ns": 54298674000, "gaze_timestamp_ns": 54298685000, "T_world_device": [[0.13792994470712117, 0.9776611227325864, -0.158600313525381, -0.3033240000000001], [0.07148846741287612, -0.1695402706994158, -0.9829270042267266, -0.228358], [-0.9878586586045843, 0.12423697399899769, -0.09327617547650524, -0.024082]], "gaze_centre_in_pixels": [788, 783], "gaze_direction_in_world": [-0.7532659582041787, -0.5440747155059634, -0.3695579794265651]}
{"frame_index": 87, "tracking_timestamp_ns": 54331906362, "slam_timestamp_ns": 54332548000, "gaze_timestamp_ns": 54298685000, "T_world_device": [[0.13327372024202844, 0.9802168707744465, -0.14633182067479905, -0.33105500000000004], [0.08171611572139992, -0.1580144226497977, -0.9840497541618807, -0.22706900000000002], [-0.9877047088701443, 0.11919030364842226, -0.10115868520270799, -0.021733]], "gaze_centre_in_pixels": [788, 783], "gaze_direction_in_world": [-0.7476150629702055, -0.5505286914715869, -0.37146988772528805]}
{"frame_index": 88, "tracking_timestamp_ns": 54365237450, "slam_timestamp_ns": 54365538000, "gaze_timestamp_ns": 54298685000, "T_world_device": [[0.1295309613346428, 0.9823581768040254, -0.13488566462747037, -0.358499], [0.09142236782348523, -0.14728389199117342, -0.9848600945421028, -0.226084], [-0.9873518525415703, 0.11523830798047785, -0.10888733469291023, -0.018067000000000003]], "gaze_centre_in_pixels": [788, 783], "gaze_direction_in_world": [-0.7420414780511911, -0.5563345424136383, -0.3739870609646963]}
{"frame_index": 89, "tracking_timestamp_ns": 54398564737, "slam_timestamp_ns": 54398574000, "gaze_timestamp_ns": 54298685000, "T_world_device": [[0.12320188436693114, 0.984598650938256, -0.12404350954001292, -0.386099], [0.09921055474768337, -0.1365897380805534, -0.9856472539797098, -0.22564], [-0.9874100270480819, 0.10912717361707702, -0.11451069148011461, -0.013563]], "gaze_centre_in_pixels": [788, 783], "gaze_direction_in_world": [-0.7375272021749334, -0.5625256679289519, -0.3736555887085077]}
{"frame_index": 90, "tracking_timestamp_ns": 54431892075, "slam_timestamp_ns": 54431663000, "gaze_timestamp_ns": 54498653000, "T_world_device": [[0.11762500619621274, 0.9865231291954546, -0.11373861912186667, -0.4113780000000001], [0.10419360681327716, -0.12616176123369272, -0.9865226314188908, -0.22726100000000002], [-0.9875768578782013, 0.10418889367308215, -0.11762918098243302, -0.009527]], "gaze_centre_in_pixels": [737, 610], "gaze_direction_in_world": [-0.5562096200427169, -0.7808752858156094, -0.284367098262663]}
{"frame_index": 91, "tracking_timestamp_ns": 54465219412, "slam_timestamp_ns": 54464690000, "gaze_timestamp_ns": 54498653000, "T_world_device": [[0.1158791623773976, 0.9880070045327567, -0.10204988349293742, -0.43601800000000007], [0.10674573923864866, -0.11453457732647321, -0.9876675441417726, -0.230224], [-0.9875106920338165, 0.10355669746981827, -0.11873770895565294, -0.006487000000000001]], "gaze_centre_in_pixels": [737, 610], "gaze_direction_in_world": [-0.5470207709929016, -0.7871049025478349, -0.2850160495261536]}
{"frame_index": 92, "tracking_timestamp_ns": 54498546737, "slam_timestamp_ns": 54497772000, "gaze_timestamp_ns": 54498653000, "T_world_device": [[0.11793528978648626, 0.9891253208213684, -0.08787700002277382, -0.459758], [0.10727248877234669, -0.10066684884512656, -0.9891202144816267, -0.234859], [-0.9872101501582955, 0.10722539463027153, -0.11797810886269633, -0.0048330000000000005]], "gaze_centre_in_pixels": [737, 610], "gaze_direction_in_world": [-0.5349929569966211, -0.7949479323768606, -0.28607747337699635]}
{"frame_index": 93, "tracking_timestamp_ns": 54531877787, "slam_timestamp_ns": 54532831000, "gaze_timestamp_ns": 54498653000, "T_world_device": [[0.12313671571648266, 0.9897786762088141, -0.0719410964948794, -0.48407500000000003], [0.10679297646967884, -0.08528793567422488, -0.9906165899101307, -0.24147800000000003], [-0.9866268846019273, 0.11429846959061468, -0.11620348716772044, -0.004275999999999999]], "gaze_centre_in_pixels": [737, 610], "gaze_direction_in_world": [-0.5207917718214177, -0.8036888487869348, -0.2878544158748304]}
{"frame_index": 94, "tracking_timestamp_ns": 54565205112, "slam_timestamp_ns": 54564820000, "gaze_timestamp_ns": 54498653000, "T_world_device": [[0.1293518446947748, 0.9899935028715714, -0.056400040302600984, -0.505307], [0.10915196661495274, -0.07074782339362562, -0.9915042075902416, -0.24941600000000005], [-0.9855729036748866, 0.12209672295823726, -0.11721109923856354, -0.004509000000000001]], "gaze_centre_in_pixels": [737, 610], "gaze_direction_in_world": [-0.5065866424877574, -0.8111189604094106, -0.2923285920284543]}
{"frame_index": 95, "tracking_timestamp_ns": 54598532450, "slam_timestamp_ns": 54597902000, "gaze_timestamp_ns": 54498653000, "T_world_device": [[0.1344475403063512, 0.9901794678579607, -0.03832075596981177, -0.525911], [0.11582980171687235, -0.054110726769031725, -0.9917940745350102, -0.25930800000000004], [-0.9841276929036202, 0.12890558824602216, -0.12196734554439126, -0.005609]], "gaze_centre_in_pixels": [737, 610], "gaze_direction_in_world": [-0.4903169173595703, -0.8184580370757774, -0.29952589553671954]}
{"frame_index": 96, "tracking_timestamp_ns": 54631859787, "slam_timestamp_ns": 54631811000, "gaze_timestamp_ns": 54698621000, "T_world_device": [[0.13641520271659413, 0.9904612693881789, -0.019425918504612505, -0.546065], [0.12405458790083518, -0.03653421301194282, -0.9916025970621255, -0.27138000000000007], [-0.9828536776593678, 0.13285979497784617, -0.12785508667980405, -0.007583]], "gaze_centre_in_pixels": [713, 630], "gaze_direction_in_world": [-0.5097100199174496, -0.8161144400987996, -0.2723103307955393]}
{"frame_index": 97, "tracking_timestamp_ns": 54665187112, "slam_timestamp_ns": 54665848000, "gaze_timestamp_ns": 54698621000, "T_world_device": [[0.13463364079722906, 0.990894206465967, -0.0015666390343750392, -0.5654119999999999], [0.13189284436653004, -0.019487314013772794, -0.9910724101686187, -0.28498200000000007], [-0.982078439011156, 0.13322505839634646, -0.13331550339214515, -0.010421999999999999]], "gaze_centre_in_pixels": [713, 630], "gaze_direction_in_world": [-0.49485246497287383, -0.8236169716874815, -0.27708504445136184]}
{"frame_index": 98, "tracking_timestamp_ns": 54698514450, "slam_timestamp_ns": 54698610000, "gaze_timestamp_ns": 54698621000, "T_world_device": [[0.12964627849649424, 0.991429957554304, 0.016077367193685632, -0.5832999999999999], [0.13969037994417138, -0.0022095814029248206, -0.9901927668394053, -0.2993720000000001], [-0.9816712485466113, 0.13062066074666373, -0.1387796914647188, -0.014126999999999999]], "gaze_centre_in_pixels": [713, 630], "gaze_direction_in_world": [-0.48054184245976733, -0.8309430239725046, -0.28038050673469006]}
{"frame_index": 99, "tracking_timestamp_ns": 54731845500, "slam_timestamp_ns": 54731883000, "gaze_timestamp_ns": 54698621000, "T_world_device": [[0.12413121268686722, 0.9916583583598936, 0.034715159971534515, -0.602052], [0.14762893693886758, 0.01613947869821941, -0.9889111255343679, -0.31353800000000004], [-0.9812222678961113, 0.12787969941437655, -0.14439405618827017, -0.019985000000000006]], "gaze_centre_in_pixels": [713, 630], "gaze_direction_in_world": [-0.4652765428765909, -0.8384597926200171, -0.283730355810593]}
{"frame_index": 100, "tracking_timestamp_ns": 54765172825, "slam_timestamp_ns": 54765920000, "gaze_timestamp_ns": 54698621000, "T_world_device": [[0.11897324513664786, 0.9915247592248293, 0.05219213337083817, -0.6207230000000001], [0.15390736095689617, 0.0335137856401132, -0.9875167595617566, -0.3293210000000001], [-0.9808964732248449, 0.12552082702170508, -0.14861571518129724, -0.026736]], "gaze_centre_in_pixels": [713, 630], "gaze_direction_in_world": [-0.4507829095771654, -0.8455428030933322, -0.2860981240242857]}
{"frame_index": 101, "tracking_timestamp_ns": 54798500112, "slam_timestamp_ns": 54798001000, "gaze_timestamp_ns": 54698621000, "T_world_device": [[0.11347132518142555, 0.9913116463116824, 0.06652426811617862, -0.6376850000000002], [0.15804876147450192, 0.04809403862608963, -0.9862593738185754, -0.345435], [-0.9808898242707726, 0.12242623630355648, -0.1512182836385818, -0.033549]], "gaze_centre_in_pixels": [713, 630], "gaze_direction_in_world": [-0.438967571654257, -0.8515214461170665, -0.2867380299832312]}
{"frame_index": 102, "tracking_timestamp_ns": 54831827450, "slam_timestamp_ns": 54832024000, "gaze_timestamp_ns": 54898589000, "T_world_device": [[0.10592156385485962, 0.9911456699945039, 0.0800679908683038, -0.6537070000000001], [0.16300722064700068, 0.06212440281395648, -0.984667052658892, -0.36498500000000006], [-0.9809226617463178, 0.11734913474821684, -0.1549835870225098, -0.039548]], "gaze_centre_in_pixels": [662, 552], "gaze_direction_in_world": [-0.32924727203285675, -0.9228684224636186, -0.1997751452969921]}
{"frame_index": 103, "tracking_timestamp_ns": 54865154787, "slam_timestamp_ns": 54866060000, "gaze_timestamp_ns": 54898589000, "T_world_device": [[0.09299582700003328, 0.9914786830055172, 0.09122388561240208, -0.6691170000000001], [0.16420418058304553, 0.07509411397812427, -0.9835638571668293, -0.3863170000000001], [-0.9820329746192997, 0.10644667769115768, -0.1558215054762475, -0.04449399999999999]], "gaze_centre_in_pixels": [662, 552], "gaze_direction_in_world": [-0.3193316951814569, -0.9271281747503162, -0.19611378339291785]}
