{
    "device_version": "DeviceVersion.Gen1",
    "device_subtype": "DVT-S",
    "origin_device": "camera-slam-left",
    "origin_transforms": {
        "T_device_cpf": [
            [
                -0.03186013725398906,
                -0.9986295320622571,
                -0.04152095070292611,
                0.0049529584653817404
            ],
            [
                0.7933534010715846,
                1.7481547320841173e-09,
                -0.6087613497982192,
                -0.04914836817050788
            ],
            [
                0.6079270619591686,
                -0.05233600761538676,
                0.7922661356164198,
                -0.04918546136427321
            ]
        ],
        "T_cpf_device": [
            [
                -0.03186013725398906,
                0.7933534010715846,
                0.6079270619591688,
                0.06905100000000003
            ],
            [
                -0.9986295320622571,
                1.7481547320841173e-09,
                -0.05233600761538665,
                0.002372000000000013
            ],
            [
                -0.041520950702925996,
                -0.6087613497982194,
                0.7922661356164198,
                0.009254000000000005
            ]
        ]
    },
    "cameras": {
        "camera-et-left": {
            "label": "camera-et-left",
            "model_name": "CameraModelType.KANNALA_BRANDT_K3",
            "projection_params": [
                556.2165507456806,
                555.0669062828932,
                319.5000538504008,
                239.5018655431362,
                0.05902751843539153,
                -0.1948790685638701,
                0.5762934366642416,
                -0.7235855867563917
            ],
            "max_solid_angle": 0.75,
            "valid_radius": null,
            "image_size": [
                640,
                480
            ],
            "time_offset_sec_device_camera": 0.0,
            "readout_time_sec": null,
            "T_device_camera": [
                [
                    -0.603240464504559,
                    0.5420560722982587,
                    -0.585043721843854,
                    0.02143981797205123
                ],
                [
                    0.7807252681906512,
                    0.5512515028544908,
                    -0.2942615099011439,
                    -0.009851273213710793
                ],
                [
                    0.16299999261643988,
                    -0.6342688665583787,
                    -0.7557340850602083,
                    -0.010288048910951642
                ]
            ]
        },
        "camera-et-right": {
            "label": "camera-et-right",
            "model_name": "CameraModelType.KANNALA_BRANDT_K3",
            "projection_params": [
                554.3635492346052,
                553.3324241729568,
                319.5000285433924,
                239.5014862413827,
                0.04822308769092221,
                -0.08998064590514347,
                0.2212278595660242,
                -0.3071486155611672
            ],
            "max_solid_angle": 0.75,
            "valid_radius": null,
            "image_size": [
                640,
                480
            ],
            "time_offset_sec_device_camera": 0.0,
            "readout_time_sec": null,
            "T_device_camera": [
                [
                    0.5562338601375981,
                    0.5442530240794508,
                    -0.6280067982249873,
                    0.024899701437285413
                ],
                [
                    0.38979227070306727,
                    0.4965449222235302,
                    0.7755676153077661,
                    -0.09600627915648058
                ],
                [
                    0.7339386067898144,
                    -0.6761891643574313,
                    0.06404947672717731,
                    -0.07630649613146953
                ]
            ]
        },
        "camera-rgb": {
            "label": "camera-rgb",
            "model_name": "CameraModelType.FISHEYE624",
            "projection_params": [
                609.1794208672515,
                700.1077037119614,
                709.23223513364,
                0.393064378054824,
                -0.4073755039870396,
                -0.03671073502326465,
                1.418057147334546,
                -1.896717300759452,
                0.7038818326417677,
                -0.0008912811491440082,
                0.0002823225939856579,
                0.002041106235870923,
                -7.32076919841185e-05,
                0.0002708847903459443,
                0.0003444284116975166
            ],
            "max_solid_angle": 1.0,
            "valid_radius": 707.5,
            "image_size": [
                1408,
                1408
            ],
            "time_offset_sec_device_camera": 0.0,
            "readout_time_sec": null,
            "T_device_camera": [
                [
                    0.03186013725398884,
                    0.9955057081813566,
                    0.08918136931272475,
                    -0.00447736452656277
                ],
                [
                    -0.7933534010715843,
                    0.07945917328328567,
                    -0.6035533288693606,
                    -0.012563250167500997
                ],
                [
                    -0.6079270619591686,
                    -0.05152305075859148,
                    0.7923194195387494,
                    -0.0053074659796426005
                ]
            ]
        },
        "camera-slam-left": {
            "label": "camera-slam-left",
            "model_name": "CameraModelType.FISHEYE624",
            "projection_params": [
                241.9557676999013,
                318.190677079214,
                240.5200177786138,
                -0.0266696461505667,
                0.1025715379461109,
                -0.07102208496987204,
                0.01088851673362551,
                0.002041041379234568,
                -0.0005458069820482273,
                0.0004206315100180246,
                0.000893333572888535,
                -0.001036944514276406,
                -0.0002205616077855065,
                -0.001509306823838128,
                -2.096182762611942e-05
            ],
            "max_solid_angle": 1.4,
            "valid_radius": 330.0,
            "image_size": [
                640,
                480
            ],
            "time_offset_sec_device_camera": 0.0,
            "readout_time_sec": null,
            "T_device_camera": [
                [
                    1.0,
                    -1.3877787807814454e-17,
                    -5.551115123125783e-17,
                    0.0
                ],
                [
                    1.387778780781446e-17,
                    1.0,
                    1.1102230246251565e-16,
                    0.0
                ],
                [
                    5.551115123125783e-17,
                    -1.1102230246251565e-16,
                    1.0,
                    0.0
                ]
            ]
        },
        "camera-slam-right": {
            "label": "camera-slam-right",
            "model_name": "CameraModelType.FISHEYE624",
            "projection_params": [
                242.2335538744211,
                317.6756322943115,
                241.1032698110695,
                -0.02451125830539685,
                0.09766466862691921,
                -0.06468155476641788,
                0.006882833983304567,
                0.003249768115844251,
                -0.0006828126211851453,
                0.0006398724684537555,
                0.001772465387116029,
                -0.001131999083507891,
                9.998627880243158e-05,
                -0.001901744444942365,
                3.757945822327643e-05
            ],
            "max_solid_angle": 1.4,
            "valid_radius": 330.0,
            "image_size": [
                640,
                480
            ],
            "time_offset_sec_device_camera": 0.0,
            "readout_time_sec": null,
            "T_device_camera": [
                [
                    0.9979698633083139,
                    -0.050552696498119165,
                    0.03873727926886672,
                    0.0043999486750503775
                ],
                [
                    0.050552696498119234,
                    0.25881923798370043,
                    -0.9646020044175243,
                    -0.10956369139478797
                ],
                [
                    0.03873727926886664,
                    0.9646020044175243,
                    0.2608493746753865,
                    -0.0839559431106851
                ]
            ]
        }
    },
    "imus": {
        "imu-left": {
            "label": "imu-left",
            "time_offset_sec_device_accel": 0.0009698030421235969,
            "time_offset_sec_device_gyro": 0.001837802103824583,
            "T_device_imu": [
                [
                    0.00028525363535647497,
                    0.996457910814717,
                    -0.08409251218231771,
                    0.0013313815664312625
                ],
                [
                    0.9999851772918616,
                    -0.000741472178192204,
                    -0.005394016645618095,
                    -0.0005099215762096251
                ],
                [
                    -0.0054372628157698805,
                    -0.08408972704069567,
                    -0.9964433521175673,
                    -0.007443383042050361
                ]
            ],
            "accel_model": {
                "bias": [
                    0.07357642571316106,
                    0.03847962367778949,
                    0.002297337715059924
                ],
                "rectification": [
                    [
                        0.9933064467007717,
                        -0.0007117625249520914,
                        0.0004030393668058642
                    ],
                    [
                        0.0,
                        0.9963731892776153,
                        -0.01254135115087585
                    ],
                    [
                        0.0,
                        0.0,
                        0.9914556279484741
                    ]
                ]
            },
            "gyro_model": {
                "bias": [
                    0.0004849876276453575,
                    -0.002225788923485203,
                    0.007631276050186075
                ],
                "rectification": [
                    [
                        1.000636964874185,
                        -0.005042735697144579,
                        0.0003753741456181224
                    ],
                    [
                        1.890730463938774e-05,
                        0.9999035395851311,
                        -0.01203881877985276
                    ],
                    [
                        0.004625490649039598,
                        0.01081236693410723,
                        0.9780411915170787
                    ]
                ]
            }
        },
        "imu-right": {
            "label": "imu-right",
            "time_offset_sec_device_accel": 0.002774946156436657,
            "time_offset_sec_device_gyro": 0.004123994241761481,
            "T_device_imu": [
                [
                    0.9798290051679345,
                    0.05055263167257848,
                    -0.19333792194650407,
                    0.0050294373130681524
                ],
                [
                    0.19982489102902104,
                    -0.2588189470136817,
                    0.9450305633110333,
                    -0.10247090332606294
                ],
                [
                    -0.0022657353896155252,
                    -0.96460208588708,
                    -0.2636999854862312,
                    -0.08681489125060624
                ]
            ],
            "accel_model": {
                "bias": [
                    -0.1175321007784943,
                    -0.03676191542653574,
                    -0.03400028224766482
                ],
                "rectification": [
                    [
                        0.9993556295775698,
                        -0.0007712223704547557,
                        0.0007397684199219658
                    ],
                    [
                        0.0,
                        0.997488391241236,
                        -0.004253950108065054
                    ],
                    [
                        0.0,
                        0.0,
                        1.004440893812927
                    ]
                ]
            },
            "gyro_model": {
                "bias": [
                    0.001633786895522716,
                    -0.0007686466104061307,
                    -0.0003775568005800995
                ],
                "rectification": [
                    [
                        1.003540386281939,
                        -0.001437820919692444,
                        0.0005289902355183072
                    ],
                    [
                        0.001393814495265442,
                        0.9962742760925982,
                        -0.00352400040857985
                    ],
                    [
                        -0.0005305619703571743,
                        0.002677813548037363,
                        1.001454885571317
                    ]
                ]
            }
        }
    },
    "magnetometers": {
        "mag0": {
            "label": "mag0",
            "model": {
                "bias": [
                    -1.0356700000000001e-06,
                    -1.3803099999999998e-06,
                    -7.96796e-06
                ],
                "rectification": [
                    [
                        0.9979871986685019,
                        -0.031041446501212062,
                        0.03178862443891698
                    ],
                    [
                        0.04799327001550062,
                        0.9971458686310012,
                        0.09349196327685323
                    ],
                    [
                        -0.037705982131593235,
                        -0.08652027404710573,
                        0.9763820934723322
                    ]
                ]
            }
        }
    },
    "barometers": {
        "baro0": {
            "label": "baro0",
            "offset_pa": -65.372,
            "slope": 1.0002
        }
    },
    "microphones": {
        "mic0": {
            "label": "mic0",
            "d_sensitivity_1k_dbv": -32.01
        },
        "mic1": {
            "label": "mic1",
            "d_sensitivity_1k_dbv": -32.52
        },
        "mic2": {
            "label": "mic2",
            "d_sensitivity_1k_dbv": -32.07
        },
        "mic3": {
            "label": "mic3",
            "d_sensitivity_1k_dbv": -31.88
        },
        "mic4": {
            "label": "mic4",
            "d_sensitivity_1k_dbv": -32.74
        },
        "mic5": {
            "label": "mic5",
            "d_sensitivity_1k_dbv": -31.93
        },
        "mic6": {
            "label": "mic6",
            "d_sensitivity_1k_dbv": -32.43
        }
    }
}