{"frame_index": 0, "tracking_timestamp_ns": 53455434312, "slam_timestamp_ns": null, "gaze_timestamp_ns": null, "T_world_device": null, "gaze_centre_in_pixels": null, "gaze_direction_in_world": null}
{"frame_index": 1, "tracking_timestamp_ns": 53489495187, "slam_timestamp_ns": null, "gaze_timestamp_ns": null, "T_world_device": null, "gaze_centre_in_pixels": null, "gaze_direction_in_world": null}
{"frame_index": 2, "tracking_timestamp_ns": 53522822512, "slam_timestamp_ns": null, "gaze_timestamp_ns": null, "T_world_device": null, "gaze_centre_in_pixels": null, "gaze_direction_in_world": null}
{"frame_index": 3, "tracking_timestamp_ns": 53556143762, "slam_timestamp_ns": null, "gaze_timestamp_ns": null, "T_world_device": null, "gaze_centre_in_pixels": null, "gaze_direction_in_world": null}
{"frame_index": 4, "tracking_timestamp_ns": 53589471100, "slam_timestamp_ns": null, "gaze_timestamp_ns": null, "T_world_device": null, "gaze_centre_in_pixels": null, "gaze_direction_in_world": null}
{"frame_index": 5, "tracking_timestamp_ns": 53622802137, "slam_timestamp_ns": null, "gaze_timestamp_ns": null, "T_world_device": null, "gaze_centre_in_pixels": null, "gaze_direction_in_world": null}
{"frame_index": 6, "tracking_timestamp_ns": 53656129475, "slam_timestamp_ns": null, "gaze_timestamp_ns": null, "T_world_device": null, "gaze_centre_in_pixels": null, "gaze_direction_in_world": null}
{"frame_index": 7, "tracking_timestamp_ns": 53689456812, "slam_timestamp_ns": null, "gaze_timestamp_ns": null, "T_world_device": null, "gaze_centre_in_pixels": null, "gaze_direction_in_world": null}
{"frame_index": 8, "tracking_timestamp_ns": 53722784137, "slam_timestamp_ns": null, "gaze_timestamp_ns": null, "T_world_device": null, "gaze_centre_in_pixels": null, "gaze_direction_in_world": null}
{"frame_index": 9, "tracking_timestamp_ns": 53756111475, "slam_timestamp_ns": null, "gaze_timestamp_ns": null, "T_world_device": null, "gaze_centre_in_pixels": null, "gaze_direction_in_world": null}
{"frame_index": 10, "tracking_timestamp_ns": 53789442512, "slam_timestamp_ns": null, "gaze_timestamp_ns": null, "T_world_device": null, "gaze_centre_in_pixels": null, "gaze_direction_in_world": null}
{"frame_index": 11, "tracking_timestamp_ns": 53822769850, "slam_timestamp_ns": null, "gaze_timestamp_ns": null, "T_world_device": null, "gaze_centre_in_pixels": null, "gaze_direction_in_world": null}
{"frame_index": 12, "tracking_timestamp_ns": 53856097187, "slam_timestamp_ns": null, "gaze_timestamp_ns": null, "T_world_device": null, "gaze_centre_in_pixels": null, "gaze_direction_in_world": null}
{"frame_index": 13, "tracking_timestamp_ns": 53889424512, "slam_timestamp_ns": null, "gaze_timestamp_ns": null, "T_world_device": null, "gaze_centre_in_pixels": null, "gaze_direction_in_world": null}
{"frame_index": 14, "tracking_timestamp_ns": 53922751812, "slam_timestamp_ns": null, "gaze_timestamp_ns": null, "T_world_device": null, "gaze_centre_in_pixels": null, "gaze_direction_in_world": null}
{"frame_index": 15, "tracking_timestamp_ns": 53956079137, "slam_timestamp_ns": null, "gaze_timestamp_ns": null, "T_world_device": null, "gaze_centre_in_pixels": null, "gaze_direction_in_world": null}
{"frame_index": 16, "tracking_timestamp_ns": 53989417637, "slam_timestamp_ns": null, "gaze_timestamp_ns": null, "T_world_device": null, "gaze_centre_in_pixels": null, "gaze_direction_in_world": null}
{"frame_index": 17, "tracking_timestamp_ns": 54022737512, "slam_timestamp_ns": null, "gaze_timestamp_ns": null, "T_world_device": null, "gaze_centre_in_pixels": null, "gaze_direction_in_world": null}
{"frame_index": 18, "tracking_timestamp_ns": 54056064850, "slam_timestamp_ns": null, "gaze_timestamp_ns": null, "T_world_device": null, "gaze_centre_in_pixels": null, "gaze_direction_in_world": null}
{"frame_index": 19, "tracking_timestamp_ns": 54089392187, "slam_timestamp_ns": null, "gaze_timestamp_ns": null, "T_world_device": null, "gaze_centre_in_pixels": null, "gaze_direction_in_world": null}
{"frame_index": 20, "tracking_timestamp_ns": 54122719512, "slam_timestamp_ns": null, "gaze_timestamp_ns": null, "T_world_device": null, "gaze_centre_in_pixels": null, "gaze_direction_in_world": null}
{"frame_index": 21, "tracking_timestamp_ns": 54156050562, "slam_timestamp_ns": null, "gaze_timestamp_ns": null, "T_world_device": null, "gaze_centre_in_pixels": null, "gaze_direction_in_world": null}
{"frame_index": 22, "tracking_timestamp_ns": 54189377887, "slam_timestamp_ns": null, "gaze_timestamp_ns": null, "T_world_device": null, "gaze_centre_in_pixels": null, "gaze_direction_in_world": null}
{"frame_index": 23, "tracking_timestamp_ns": 54222705225, "slam_timestamp_ns": null, "gaze_timestamp_ns": null, "T_world_device": null, "gaze_centre_in_pixels": null, "gaze_direction_in_world": null}
{"frame_index": 24, "tracking_timestamp_ns": 54256032562, "slam_timestamp_ns": null, "gaze_timestamp_ns": null, "T_world_device": null, "gaze_centre_in_pixels": null, "gaze_direction_in_world": null}
{"frame_index": 25, "tracking_timestamp_ns": 54289359887, "slam_timestamp_ns": null, "gaze_timestamp_ns": null, "T_world_device": null, "gaze_centre_in_pixels": null, "gaze_direction_in_world": null}
{"frame_index": 26, "tracking_timestamp_ns": 54322687187, "slam_timestamp_ns": null, "gaze_timestamp_ns": null, "T_world_device": null, "gaze_centre_in_pixels": null, "gaze_direction_in_world": null}
{"frame_index": 27, "tracking_timestamp_ns": 54356018262, "slam_timestamp_ns": null, "gaze_timestamp_ns": null, "T_world_device": null, "gaze_centre_in_pixels": null, "gaze_direction_in_world": null}
{"frame_index": 28, "tracking_timestamp_ns": 54389345600, "slam_timestamp_ns": null, "gaze_timestamp_ns": null, "T_world_device": null, "gaze_centre_in_pixels": null, "gaze_direction_in_world": null}
{"frame_index": 29, "tracking_timestamp_ns": 54422672887, "slam_timestamp_ns": null, "gaze_timestamp_ns": null, "T_world_device": null, "gaze_centre_in_pixels": null, "gaze_direction_in_world": null}
{"frame_index": 30, "tracking_timestamp_ns": 54456000225, "slam_timestamp_ns": null, "gaze_timestamp_ns": null, "T_world_device": null, "gaze_centre_in_pixels": null, "gaze_direction_in_world": null}
{"frame_index": 31, "tracking_timestamp_ns": 54489327562, "slam_timestamp_ns": null, "gaze_timestamp_ns": null, "T_world_device": null, "gaze_centre_in_pixels": null, "gaze_direction_in_world": null}
{"frame_index": 32, "tracking_timestamp_ns": 54522658600, "slam_timestamp_ns": null, "gaze_timestamp_ns": null, "T_world_device": null, "gaze_centre_in_pixels": null, "gaze_direction_in_world": null}
{"frame_index": 33, "tracking_timestamp_ns": 54555985937, "slam_timestamp_ns": null, "gaze_timestamp_ns": null, "T_world_device": null, "gaze_centre_in_pixels": null, "gaze_direction_in_world": null}
{"frame_index": 34, "tracking_timestamp_ns": 54589313262, "slam_timestamp_ns": null, "gaze_timestamp_ns": null, "T_world_device": null, "gaze_centre_in_pixels": null, "gaze_direction_in_world": null}
{"frame_index": 35, "tracking_timestamp_ns": 54622640600, "slam_timestamp_ns": null, "gaze_timestamp_ns": null, "T_world_device": null, "gaze_centre_in_pixels": null, "gaze_direction_in_world": null}
{"frame_index": 36, "tracking_timestamp_ns": 54655967937, "slam_timestamp_ns": null, "gaze_timestamp_ns": null, "T_world_device": null, "gaze_centre_in_pixels": null, "gaze_direction_in_world": null}
{"frame_index": 37, "tracking_timestamp_ns": 54689295262, "slam_timestamp_ns": null, "gaze_timestamp_ns": null, "T_world_device": null, "gaze_centre_in_pixels": null, "gaze_direction_in_world": null}
{"frame_index": 38, "tracking_timestamp_ns": 54722626312, "slam_timestamp_ns": null, "gaze_timestamp_ns": null, "T_world_device": null, "gaze_centre_in_pixels": null, "gaze_direction_in_world": null}
{"frame_index": 39, "tracking_timestamp_ns": 54755953637, "slam_timestamp_ns": null, "gaze_timestamp_ns": null, "T_world_device": null, "gaze_centre_in_pixels": null, "gaze_direction_in_world": null}
{"frame_index": 40, "tracking_timestamp_ns": 54789288387, "slam_timestamp_ns": null, "gaze_timestamp_ns": null, "T_world_device": null, "gaze_centre_in_pixels": null, "gaze_direction_in_world": null}
{"frame_index": 41, "tracking_timestamp_ns": 54822608262, "slam_timestamp_ns": null, "gaze_timestamp_ns": null, "T_world_device": null, "gaze_centre_in_pixels": null, "gaze_direction_in_world": null}
{"frame_index": 42, "tracking_timestamp_ns": 54855935600, "slam_timestamp_ns": null, "gaze_timestamp_ns": null, "T_world_device": null, "gaze_centre_in_pixels": null, "gaze_direction_in_world": null}
{"frame_index": 43, "tracking_timestamp_ns": 54889266637, "slam_timestamp_ns": null, "gaze_timestamp_ns": null, "T_world_device": null, "gaze_centre_in_pixels": null, "gaze_direction_in_world": null}
{"frame_index": 44, "tracking_timestamp_ns": 54922593975, "slam_timestamp_ns": null, "gaze_timestamp_ns": null, "T_world_device": null, "gaze_centre_in_pixels": null, "gaze_direction_in_world": null}
{"frame_index": 45, "tracking_timestamp_ns": 54955921312, "slam_timestamp_ns": 54955759000, "gaze_timestamp_ns": 55022682000, "T_world_device": [[0.12874410190464025, 0.8622516063391326, -0.48984397882423053, -0.06429400000000002], [-0.08133660826178968, -0.4831091456790406, -0.8717740014004409, -0.125422], [-0.9883366391980193, 0.15207800868913718, 0.007935168045538732, 0.033263999999999995]], "gaze_centre_in_pixels": [688, 444], "gaze_direction_in_world": [-0.6853965758736047, -0.7250070669948419, -0.06779591866974709]}
{"frame_index": 46, "tracking_timestamp_ns": 54989248637, "slam_timestamp_ns": 54989784000, "gaze_timestamp_ns": 55022682000, "T_world_device": [[0.12701072576554795, 0.862891012537333, -0.4891700890516561, -0.06470100000000001], [-0.08440655858226948, -0.48197290922872216, -0.8721110294210825, -0.125287], [-0.9883035001500333, 0.15205661857314356, 0.011617931799373427, 0.033114000000000005]], "gaze_centre_in_pixels": [688, 444], "gaze_direction_in_world": [-0.6849706834788628, -0.7257341336009363, -0.06422717572023526]}
{"frame_index": 47, "tracking_timestamp_ns": 55022575975, "slam_timestamp_ns": 55021718000, "gaze_timestamp_ns": 55022682000, "T_world_device": [[0.12335403661473954, 0.8636452880457683, -0.48877458821750464, -0.065056], [-0.0838968796655925, -0.481696894534855, -0.8723126821145349, -0.12524400000000002], [-0.9888099388827088, 0.14860995334034144, 0.013037888439273115, 0.032699000000000006]], "gaze_centre_in_pixels": [688, 444], "gaze_direction_in_world": [-0.6849154713002262, -0.7259792381625071, -0.062007603812556114]}
{"frame_index": 48, "tracking_timestamp_ns": 55055903312, "slam_timestamp_ns": 55056808000, "gaze_timestamp_ns": 55022682000, "T_world_device": [[0.11976398225699747, 0.8643354937106817, -0.4884472774679552, -0.064973], [-0.08345265591459866, -0.48148279849902, -0.8724734775168537, -0.125328], [-0.9892887560135035, 0.14525312065998502, 0.01446679521492622, 0.032725]], "gaze_centre_in_pixels": [688, 444], "gaze_direction_in_world": [-0.684907617114047, -0.7261717498595867, -0.05980088398195961]}
{"frame_index": 49, "tracking_timestamp_ns": 55089234350, "slam_timestamp_ns": 55089827000, "gaze_timestamp_ns": 55022682000, "T_world_device": [[0.11739106962151635, 0.8648741862306988, -0.4880696454041194, -0.064867], [-0.08332950991015203, -0.4811560025739783, -0.8726655109291093, -0.12537299999999998], [-0.9895835131767556, 0.14311374210332212, 0.015586124275573376, 0.0328]], "gaze_centre_in_pixels": [688, 444], "gaze_direction_in_world": [-0.684767126970359, -0.7264348836682802, -0.058192281366279026]}
{"frame_index": 50, "tracking_timestamp_ns": 55122561687, "slam_timestamp_ns": 55122655000, "gaze_timestamp_ns": 55022682000, "T_world_device": [[0.11608438810518118, 0.8656080487828721, -0.4870801994749475, -0.06471400000000001], [-0.08348531452888558, -0.480156703776107, -0.8732008600985668, -0.12543400000000002], [-0.9897245157599456, 0.14202903119141846, 0.016526863058922814, 0.032877]], "gaze_centre_in_pixels": [688, 444], "gaze_direction_in_world": [-0.6840436266242055, -0.7272094358548061, -0.05701537756201302]}
{"frame_index": 51, "tracking_timestamp_ns": 55155889012, "slam_timestamp_ns": 55154972000, "gaze_timestamp_ns": 55222650000, "T_world_device": [[0.11537183628497905, 0.866573423706732, -0.48553047352089485, -0.06451899999999999], [-0.08497685096014329, -0.4783921189712532, -0.87402512281232, -0.125503], [-0.9896808951339463, 0.14209673406305445, 0.01844570344237262, 0.033092]], "gaze_centre_in_pixels": [681, 437], "gaze_direction_in_world": [-0.6777115861578477, -0.7340047320306803, -0.04409148833939897]}
{"frame_index": 52, "tracking_timestamp_ns": 55189216350, "slam_timestamp_ns": 55188904000, "gaze_timestamp_ns": 55222650000, "T_world_device": [[0.1147669264383786, 0.8676089436335624, -0.48382153065251426, -0.06425600000000001], [-0.08604536916510175, -0.47652705767218073, -0.874938945156481, -0.125612], [-0.9896589043913713, 0.14204465577186676, 0.019964186072133572, 0.0333]], "gaze_centre_in_pixels": [681, 437], "gaze_direction_in_world": [-0.6763221459113207, -0.7353727709021981, -0.04260566588529565]}
{"frame_index": 53, "tracking_timestamp_ns": 55222543637, "slam_timestamp_ns": 55222639000, "gaze_timestamp_ns": 55222650000, "T_world_device": [[0.11502479110622044, 0.868810730239138, -0.48159860096589346, -0.063939], [-0.08754518502495778, -0.4740639627466119, -0.8761273878859881, -0.125815], [-0.9894974168788497, 0.1429380084033442, 0.021531087844538055, 0.033472]], "gaze_centre_in_pixels": [681, 437], "gaze_direction_in_world": [-0.6744505555346837, -0.7371640982476535, -0.04129818874575838]}
{"frame_index": 54, "tracking_timestamp_ns": 55255874725, "slam_timestamp_ns": 55255084000, "gaze_timestamp_ns": 55222650000, "T_world_device": [[0.11398412631764543, 0.8705664885377322, -0.47866648930407285, -0.063647], [-0.08704341022786694, -0.471202742735076, -0.8777194426323514, -0.126169], [-0.9896620957091904, 0.1417108474112867, 0.022067443043287227, 0.033478]], "gaze_centre_in_pixels": [681, 437], "gaze_direction_in_world": [-0.6720616330658568, -0.7393876614889646, -0.040485150348414746]}
{"frame_index": 55, "tracking_timestamp_ns": 55289202012, "slam_timestamp_ns": 55290062000, "gaze_timestamp_ns": 55222650000, "T_world_device": [[0.11287606342848544, 0.872460195427806, -0.4754705056036213, -0.063297], [-0.08628335347428367, -0.46811423147880493, -0.8794454213879559, -0.126645], [-0.9898556345337033, 0.14029352686807156, 0.022439899750161807, 0.033506]], "gaze_centre_in_pixels": [681, 437], "gaze_direction_in_world": [-0.6694521293258702, -0.741789012866292, -0.039785762929853925]}
{"frame_index": 56, "tracking_timestamp_ns": 55322529350, "slam_timestamp_ns": 55322623000, "gaze_timestamp_ns": 55222650000, "T_world_device": [[0.11112833893962204, 0.8758972103746997, -0.46952589826583535, -0.06251], [-0.08422230894494698, -0.462452128608132, -0.8826350499622081, -0.12740400000000002], [-0.9902308291305125, 0.1376303222535894, 0.022378548564881084, 0.033578000000000004]], "gaze_centre_in_pixels": [681, 437], "gaze_direction_in_world": [-0.664568988786243, -0.7461974446293097, -0.0392101105879437]}
{"frame_index": 57, "tracking_timestamp_ns": 55355856687, "slam_timestamp_ns": 55355868000, "gaze_timestamp_ns": 55422618000, "T_world_device": [[0.10922588759355756, 0.8800558814943841, -0.4621378051258547, -0.061779999999999995], [-0.0830516020359392, -0.45521411130882683, -0.8865001659698545, -0.128323], [-0.9905413352700956, 0.1352100525569685, 0.023368885486439894, 0.03381900000000001]], "gaze_centre_in_pixels": [682, 461], "gaze_direction_in_world": [-0.683083708936012, -0.7289363839680127, -0.04525919479906225]}
{"frame_index": 58, "tracking_timestamp_ns": 55389184012, "slam_timestamp_ns": 55389847000, "gaze_timestamp_ns": 55422618000, "T_world_device": [[0.10659082362431715, 0.883954716456312, -0.45526086540985616, -0.060981999999999995], [-0.08290589151265032, -0.44837365904890625, -0.8899930758290135, -0.12934], [-0.9908405570381051, 0.1326089028901789, 0.025492536215150796, 0.034278]], "gaze_centre_in_pixels": [682, 461], "gaze_direction_in_world": [-0.6776311701079191, -0.734172168487832, -0.042511460996381666]}
{"frame_index": 59, "tracking_timestamp_ns": 55422511350, "slam_timestamp_ns": 55422607000, "gaze_timestamp_ns": 55422618000, "T_world_device": [[0.10399066972463922, 0.8866128255976005, -0.45067020990527007, -0.060357], [-0.0826382622934298, -0.44385759781646295, -0.8922787403416725, -0.13031800000000002], [-0.991139171970992, 0.1300312668031749, 0.02711109437514969, 0.034708]], "gaze_centre_in_pixels": [682, 461], "gaze_direction_in_world": [-0.6740325158149387, -0.7376040015776507, -0.04025549007056552]}
{"frame_index": 60, "tracking_timestamp_ns": 55455842387, "slam_timestamp_ns": 55454944000, "gaze_timestamp_ns": 55522602000, "T_world_device": [[0.10049672200131121, 0.888342341506154, -0.44804943159695576, -0.059730000000000005], [-0.08154841912110627, -0.44145951634102953, -0.8935677650692159, -0.13129900000000003], [-0.9915897660856731, 0.12633835411033612, 0.02807767929961069, 0.03508499999999999]], "gaze_centre_in_pixels": [681, 460], "gaze_direction_in_world": [-0.6710252910008527, -0.7405661248519234, -0.0358730199317852]}
{"frame_index": 61, "tracking_timestamp_ns": 55489169725, "slam_timestamp_ns": 55489923000, "gaze_timestamp_ns": 55522602000, "T_world_device": [[0.09700955388228438, 0.8896567875175108, -0.446206170821945, -0.059228], [-0.08033341164181113, -0.4398589001629025, -0.8944667075534275, -0.13243500000000002], [-0.9920361331269881, 0.12261708026006934, 0.028798649255620146, 0.03539]], "gaze_centre_in_pixels": [681, 460], "gaze_direction_in_world": [-0.6697124432181936, -0.7418337916431964, -0.03417409801291492]}
{"frame_index": 62, "tracking_timestamp_ns": 55522497062, "slam_timestamp_ns": 55521903000, "gaze_timestamp_ns": 55522602000, "T_world_device": [[0.09428281556902363, 0.8909142919543251, -0.4442774753235879, -0.058896000000000004], [-0.07778451176244311, -0.4383088052804256, -0.8954523778200184, -0.133475], [-0.9925020505864239, 0.1189836778939447, 0.027974344971316123, 0.03541999999999999]], "gaze_centre_in_pixels": [681, 460], "gaze_direction_in_world": [-0.6682801810524737, -0.7431329573903742, -0.03398539763941603]}
{"frame_index": 63, "tracking_timestamp_ns": 55555824387, "slam_timestamp_ns": 55554915000, "gaze_timestamp_ns": 55522602000, "T_world_device": [[0.09191667912395385, 0.8926699141626837, -0.44123887912060883, -0.058467], [-0.07566038426980853, -0.4355728279618687, -0.8969681252940072, -0.13452], [-0.9928881257981532, 0.11583063450610864, 0.027503340868761272, 0.035348]], "gaze_centre_in_pixels": [681, 460], "gaze_direction_in_world": [-0.6659069189666609, -0.7452784312423617, -0.03358623523488818]}
{"frame_index": 64, "tracking_timestamp_ns": 55589151725, "slam_timestamp_ns": 55589893000, "gaze_timestamp_ns": 55522602000, "T_world_device": [[0.0902646477881679, 0.8947805240026037, -0.4372872136540284, -0.058272000000000004], [-0.07527350570623387, -0.4316941079058474, -0.8988737934426991, -0.135251], [-0.9930690775058759, 0.11405266794336916, 0.028386550276988443, 0.035389]], "gaze_centre_in_pixels": [681, 460], "gaze_direction_in_world": [-0.6627326293823235, -0.7481611021334093, -0.032255653868965006]}
{"frame_index": 65, "tracking_timestamp_ns": 55622482762, "slam_timestamp_ns": 55621874000, "gaze_timestamp_ns": 55522602000, "T_world_device": [[0.09021288066030042, 0.896239860628222, -0.4342991461931231, -0.058435], [-0.07571459204841596, -0.4286432824550488, -0.9002956386416094, -0.135376], [-0.9930402492919974, 0.11410104568875229, 0.029189290139038038, 0.035482999999999994]], "gaze_centre_in_pixels": [681, 460], "gaze_direction_in_world": [-0.6602608280169726, -0.7503756529022027, -0.03149632546718388]}
{"frame_index": 66, "tracking_timestamp_ns": 55655810100, "slam_timestamp_ns": 55654935000, "gaze_timestamp_ns": 55722570000, "T_world_device": [[0.09159996735448006, 0.8967772655131812, -0.43289719569357277, -0.059248], [-0.07753589117170573, -0.4269819647179789, -0.9009298459845716, -0.135608], [-0.9927726988394008, 0.1160902143346969, 0.030420890434971204, 0.03523]], "gaze_centre_in_pixels": [682, 461], "gaze_direction_in_world": [-0.6602450714875006, -0.7503488126014008, -0.032451579378102516]}
{"frame_index": 67, "tracking_timestamp_ns": 55689137387, "slam_timestamp_ns": 55688959000, "gaze_timestamp_ns": 55722570000, "T_world_device": [[0.09395099293454334, 0.8958325510321151, -0.4343469252083018, -0.060642], [-0.08070857152537447, -0.42798743398479844, -0.9001738070136462, -0.135378], [-0.9923000238884139, 0.1196277428626007, 0.032091521133355116, 0.034954]], "gaze_centre_in_pixels": [682, 461], "gaze_direction_in_world": [-0.6613074515676364, -0.7494403156948608, -0.03180672432529573]}
{"frame_index": 68, "tracking_timestamp_ns": 55722464725, "slam_timestamp_ns": 55722559000, "gaze_timestamp_ns": 55722570000, "T_world_device": [[0.09638863701960221, 0.8937093394343107, -0.4381698840191912, -0.06248399999999999], [-0.08391726615801992, -0.43135556951530085, -0.8982707081324062, -0.134856], [-0.9917999410637548, 0.12335310801118271, 0.033419869088823106, 0.03462300000000001]], "gaze_centre_in_pixels": [682, 461], "gaze_direction_in_world": [-0.6643228941103565, -0.7467798974265741, -0.031541673392445256]}
{"frame_index": 69, "tracking_timestamp_ns": 55755792062, "slam_timestamp_ns": 55754961000, "gaze_timestamp_ns": 55722570000, "T_world_device": [[0.09882148604190599, 0.8915921528728104, -0.44192504662227133, -0.06429800000000001], [-0.08605252199490226, -0.4347784871821747, -0.8964165496809484, -0.133887], [-0.9913774646191966, 0.1266139803465906, 0.03375829714317535, 0.034376000000000004]], "gaze_centre_in_pixels": [682, 461], "gaze_direction_in_world": [-0.667274998365026, -0.7441192974308656, -0.03210214553498601]}
{"frame_index": 70, "tracking_timestamp_ns": 55789119387, "slam_timestamp_ns": 55788987000, "gaze_timestamp_ns": 55722570000, "T_world_device": [[0.10303540400159017, 0.8888404247304831, -0.4464822559600363, -0.066247], [-0.08655859928229293, -0.439156182318424, -0.8942312097113332, -0.13276300000000002], [-0.9909042912474022, 0.13078435264373672, 0.031688147485174234, 0.03383900000000001]], "gaze_centre_in_pixels": [682, 461], "gaze_direction_in_world": [-0.6707696579457397, -0.7408287260131531, -0.035225909400384066]}
{"frame_index": 71, "tracking_timestamp_ns": 55822450437, "slam_timestamp_ns": 55822543000, "gaze_timestamp_ns": 55722570000, "T_world_device": [[0.10883017839743381, 0.8848535471733583, -0.4529792405008297, -0.068219], [-0.08697826079487075, -0.4454618664475798, -0.8910659390247945, -0.13149600000000003], [-0.9902478348469552, 0.1363742116228891, 0.028483328196566626, 0.033189]], "gaze_centre_in_pixels": [682, 461], "gaze_direction_in_world": [-0.675740588544706, -0.7360628978618806, -0.039825461509252334]}
{"frame_index": 72, "tracking_timestamp_ns": 55855777762, "slam_timestamp_ns": 55856059000, "gaze_timestamp_ns": 55922538000, "T_world_device": [[0.11355474227767215, 0.8804188855157875, -0.4603997247320969, -0.07001], [-0.0867612841340219, -0.4528394831552349, -0.8873606268429515, -0.130121], [-0.9897362275281568, 0.14070887862121206, 0.024964202280346903, 0.032694]], "gaze_centre_in_pixels": [619, 468], "gaze_direction_in_world": [-0.7022735299194509, -0.7103887152913805, 0.046473243497050676]}
{"frame_index": 73, "tracking_timestamp_ns": 55889105100, "slam_timestamp_ns": 55890051000, "gaze_timestamp_ns": 55922538000, "T_world_device": [[0.11623214935522375, 0.8758986742138628, -0.4682858101273864, -0.071497], [-0.08554576505083661, -0.4609009465836005, -0.8833188775975572, -0.128873], [-0.9895312069551583, 0.14272991959900605, 0.02135791453136915, 0.032212000000000005]], "gaze_centre_in_pixels": [619, 468], "gaze_direction_in_world": [-0.7086641148517457, -0.7042690078033326, 0.04243037790429329]}
{"frame_index": 74, "tracking_timestamp_ns": 55922432437, "slam_timestamp_ns": 55922527000, "gaze_timestamp_ns": 55922538000, "T_world_device": [[0.11754752100276322, 0.8719956942036212, -0.4751905823945268, -0.07253000000000001], [-0.08346378185952574, -0.4681399340362846, -0.8797038133816453, -0.127892], [-0.989553625340138, 0.14306820559036765, 0.017751369675094497, 0.031810000000000005]], "gaze_centre_in_pixels": [619, 468], "gaze_direction_in_world": [-0.7142094036927099, -0.6988508418731396, 0.038889953588399785]}
{"frame_index": 75, "tracking_timestamp_ns": 55955759762, "slam_timestamp_ns": 55955702000, "gaze_timestamp_ns": 55922538000, "T_world_device": [[0.11817758539328038, 0.8688753379302392, -0.48071790631016265, -0.07307500000000001], [-0.08112144429750218, -0.47404450710710133, -0.876756018831164, -0.127062], [-0.9896733650986577, 0.14260944014404414, 0.014462987108516456, 0.031563999999999995]], "gaze_centre_in_pixels": [619, 468], "gaze_direction_in_world": [-0.7186225020441038, -0.6944735795078667, 0.035890763733899704]}
{"frame_index": 76, "tracking_timestamp_ns": 55989090812, "slam_timestamp_ns": 55989681000, "gaze_timestamp_ns": 55922538000, "T_world_device": [[0.11797872745206939, 0.8668855511298633, -0.4843453944356896, -0.073219], [-0.07805270825603428, -0.47814729253157173, -0.8748045160940967, -0.126652], [-0.9899438340646852, 0.1410127933451477, 0.01125155590618332, 0.031356]], "gaze_centre_in_pixels": [619, 468], "gaze_direction_in_world": [-0.7214963236993458, -0.6916168354064463, 0.033304772491361524]}
{"frame_index": 77, "tracking_timestamp_ns": 56022451637, "slam_timestamp_ns": 56022511000, "gaze_timestamp_ns": 55922538000, "T_world_device": [[0.11652656680191975, 0.8661029145702321, -0.4860939215854351, -0.07318000000000001], [-0.07503749843351215, -0.4803519236368956, -0.873860059327107, -0.126702], [-0.9903488946114892, 0.13830318445821665, 0.00901643557721854, 0.031218999999999997]], "gaze_centre_in_pixels": [619, 468], "gaze_direction_in_world": [-0.7228458080385053, -0.6902688309175332, 0.03198247746661064]}
{"frame_index": 78, "tracking_timestamp_ns": 56055745475, "slam_timestamp_ns": 56056572000, "gaze_timestamp_ns": 56122506000, "T_world_device": [[0.11442468793195815, 0.8661250250114063, -0.4865536268908751, -0.07309000000000002], [-0.0728096377964319, -0.4811416763863421, -0.8736140131019494, -0.12726400000000002], [-0.9907601866423713, 0.1353888041646411, 0.008007763185939543, 0.031314]], "gaze_centre_in_pixels": [853, 593], "gaze_direction_in_world": [-0.7499394207594035, -0.5589083974615234, -0.3538534561623527]}
{"frame_index": 79, "tracking_timestamp_ns": 56089072812, "slam_timestamp_ns": 56089552000, "gaze_timestamp_ns": 56122506000, "T_world_device": [[0.1123238814113493, 0.8671091289272657, -0.4852886812977283, -0.07299000000000001], [-0.06980754894098656, -0.4802867345831143, -0.874329204987653, -0.128127], [-0.9912165514031438, 0.13208486330571056, 0.006583092736008211, 0.031362]], "gaze_centre_in_pixels": [853, 593], "gaze_direction_in_world": [-0.7499272576484827, -0.5589658767639991, -0.35378843515479685]}
{"frame_index": 80, "tracking_timestamp_ns": 56122400100, "slam_timestamp_ns": 56122495000, "gaze_timestamp_ns": 56122506000, "T_world_device": [[0.11165604356312664, 0.8691205695448158, -0.4818322981390148, -0.072819], [-0.06546845365872456, -0.4773774083892248, -0.8762560650489803, -0.129271], [-0.991588024086296, 0.1293841008535539, 0.0035979070239291477, 0.031201999999999997]], "gaze_centre_in_pixels": [853, 593], "gaze_direction_in_world": [-0.7480541922729066, -0.5605256298504562, -0.35528290657401296]}
{"frame_index": 81, "tracking_timestamp_ns": 56155727437, "slam_timestamp_ns": 56156483000, "gaze_timestamp_ns": 56222490000, "T_world_device": [[0.1132015314983057, 0.8708419676278121, -0.47835100155070176, -0.072917], [-0.060630244718445414, -0.47449393004384866, -0.8781682548218909, -0.13049100000000002], [-0.9917204176035805, 0.12841252964436511, -0.0009140779592473613, 0.030839999999999996]], "gaze_centre_in_pixels": [837, 600], "gaze_direction_in_world": [-0.7595613815072021, -0.5554600934138375, -0.338423687627745]}
{"frame_index": 82, "tracking_timestamp_ns": 56189062225, "slam_timestamp_ns": 56188510000, "gaze_timestamp_ns": 56222490000, "T_world_device": [[0.11532487536236458, 0.871939058276952, -0.4758386825109508, -0.073149], [-0.05654101656773941, -0.47249603560432485, -0.879517259514379, -0.131582], [-0.9917173420729022, 0.12833462116396716, -0.0051902256751839015, 0.030511999999999997]], "gaze_centre_in_pixels": [837, 600], "gaze_direction_in_world": [-0.7573049360115164, -0.5563319156959207, -0.3420292874458269]}
{"frame_index": 83, "tracking_timestamp_ns": 56222385812, "slam_timestamp_ns": 56222443000, "gaze_timestamp_ns": 56222490000, "T_world_device": [[0.11713842721901613, 0.8732957788387881, -0.47289858482660974, -0.07329700000000001], [-0.05216470288095881, -0.47010892883654587, -0.8810655133425079, -0.13271900000000003], [-0.9917446408435978, 0.12787524268016248, -0.009512605715208622, 0.030199999999999998]], "gaze_centre_in_pixels": [837, 600], "gaze_direction_in_world": [-0.7548866228675303, -0.5574638296827821, -0.3455144934891465]}
{"frame_index": 84, "tracking_timestamp_ns": 56255713137, "slam_timestamp_ns": 56256453000, "gaze_timestamp_ns": 56222490000, "T_world_device": [[0.11820624165236482, 0.8746879878367659, -0.47005128270061414, -0.073454], [-0.04846354927611202, -0.4677241027612027, -0.8825448702971369, -0.13386900000000002], [-0.9918057112287592, 0.1271026657088593, -0.012897423917876072, 0.030140999999999998]], "gaze_centre_in_pixels": [837, 600], "gaze_direction_in_world": [-0.7527742611621805, -0.5587273595104355, -0.3480727646142827]}
{"frame_index": 85, "tracking_timestamp_ns": 56289040475, "slam_timestamp_ns": 56288476000, "gaze_timestamp_ns": 56222490000, "T_world_device": [[0.11891539705065801, 0.8754149385905279, -0.46851660977688575, -0.07362500000000002], [-0.04589563147565323, -0.46651412968288186, -0.8833222276257258, -0.134921], [-0.991843092104661, 0.12654347908432723, -0.015297991551149526, 0.030161]], "gaze_centre_in_pixels": [837, 600], "gaze_direction_in_world": [-0.751587516063819, -0.5591957215759081, -0.3498804805475983]}
{"frame_index": 86, "tracking_timestamp_ns": 56322367812, "slam_timestamp_ns": 56322463000, "gaze_timestamp_ns": 56222490000, "T_world_device": [[0.1195710545633979, 0.8757598162684519, -0.4677045083383784, -0.07381], [-0.0438705903226439, -0.4659635371812094, -0.8837156518486691, -0.13601800000000003], [-0.991855903957495, 0.12618528530309248, -0.017295651408301138, 0.030284]], "gaze_centre_in_pixels": [837, 600], "gaze_direction_in_world": [-0.7508625202645277, -0.5591999757990661, -0.3514268952831097]}
{"frame_index": 87, "tracking_timestamp_ns": 56355695137, "slam_timestamp_ns": 56355474000, "gaze_timestamp_ns": 56422458000, "T_world_device": [[0.12036282282179445, 0.8762905368628486, -0.46650582620905173, -0.07433300000000001], [-0.04206022349165006, -0.4649987918387857, -0.8843116312637204, -0.137613], [-0.9918385596871104, 0.12605958350355684, -0.019111591370370773, 0.030157]], "gaze_centre_in_pixels": [801, 512], "gaze_direction_in_world": [-0.6907679619250425, -0.6687324135193893, -0.2750210571691836]}
{"frame_index": 88, "tracking_timestamp_ns": 56389026187, "slam_timestamp_ns": 56389454000, "gaze_timestamp_ns": 56422458000, "T_world_device": [[0.12091971695602743, 0.877460384576638, -0.46415697296269604, -0.07469400000000002], [-0.04025272091971771, -0.4628691280851862, -0.8855122182805945, -0.13959000000000002], [-0.9918458249697046, 0.12575946789120185, -0.020649835977272435, 0.030083]], "gaze_centre_in_pixels": [801, 512], "gaze_direction_in_world": [-0.6888733050539767, -0.6701427030014844, -0.27633734311141317]}
{"frame_index": 89, "tracking_timestamp_ns": 56422353512, "slam_timestamp_ns": 56422447000, "gaze_timestamp_ns": 56422458000, "T_world_device": [[0.12019871023826112, 0.8785636059033224, -0.4622534590884207, -0.07506800000000001], [-0.039846564138699636, -0.46098454817655954, -0.8865131119553695, -0.14174000000000003], [-0.9919498583010127, 0.12497694477224508, -0.020402007058035965, 0.030168999999999998]], "gaze_centre_in_pixels": [801, 512], "gaze_direction_in_world": [-0.6876442127591388, -0.6715940199687916, -0.2758748067530316]}
{"frame_index": 90, "tracking_timestamp_ns": 56455680850, "slam_timestamp_ns": 56455447000, "gaze_timestamp_ns": 56522442000, "T_world_device": [[0.1186767991550669, 0.8795115920020958, -0.4608418132898175, -0.07522100000000002], [-0.040398394052680864, -0.4594605661843727, -0.8872789628293348, -0.14379000000000003], [-0.992110773603569, 0.12391669643544712, -0.01899645346513479, 0.030326]], "gaze_centre_in_pixels": [716, 457], "gaze_direction_in_world": [-0.6666415856956504, -0.7333767287077996, -0.1332200060465227]}
{"frame_index": 91, "tracking_timestamp_ns": 56489008137, "slam_timestamp_ns": 56489426000, "gaze_timestamp_ns": 56522442000, "T_world_device": [[0.1184705238929945, 0.8800592268598249, -0.45984833607115155, -0.07547200000000001], [-0.04113082433720472, -0.4583628867633638, -0.8878128853127205, -0.146074], [-0.9921053322394056, 0.12409359877464743, -0.01810492986165335, 0.03036]], "gaze_centre_in_pixels": [716, 457], "gaze_direction_in_world": [-0.6658500483003538, -0.7342419359765363, -0.132410319204526]}
{"frame_index": 92, "tracking_timestamp_ns": 56522335475, "slam_timestamp_ns": 56521407000, "gaze_timestamp_ns": 56522442000, "T_world_device": [[0.11888838122911105, 0.8800345389004021, -0.45978773706035075, -0.07578700000000001], [-0.04322724227174929, -0.4580454287221998, -0.8878771259314406, -0.14828900000000003], [-0.9919662082623082, 0.12543363013583164, -0.01641481332962158, 0.030491]], "gaze_centre_in_pixels": [716, 457], "gaze_direction_in_world": [-0.6657507327838426, -0.7345613734007962, -0.13113180584935494]}
{"frame_index": 93, "tracking_timestamp_ns": 56555666562, "slam_timestamp_ns": 56556407000, "gaze_timestamp_ns": 56522442000, "T_world_device": [[0.11881436143020518, 0.8795269243201865, -0.4607771011170209, -0.076819], [-0.046236325306877046, -0.4586599924843129, -0.8874081437063819, -0.15077800000000002], [-0.9918393769860365, 0.12674147186364387, -0.013829301131581095, 0.030381000000000002]], "gaze_centre_in_pixels": [716, 457], "gaze_direction_in_world": [-0.6665721350116245, -0.7341963375544384, -0.1289857618022]}
{"frame_index": 94, "tracking_timestamp_ns": 56588993850, "slam_timestamp_ns": 56589386000, "gaze_timestamp_ns": 56522442000, "T_world_device": [[0.12050910756537436, 0.8783277927790691, -0.46262062581087504, -0.07774800000000001], [-0.04747000516729277, -0.46038517172574234, -0.8864491481548593, -0.15301900000000004], [-0.9915765999675538, 0.12878579924396688, -0.013786381319201624, 0.030137999999999998]], "gaze_centre_in_pixels": [716, 457], "gaze_direction_in_world": [-0.6678838243714014, -0.7329185935703729, -0.12946633671289787]}
{"frame_index": 95, "tracking_timestamp_ns": 56622321187, "slam_timestamp_ns": 56621367000, "gaze_timestamp_ns": 56522442000, "T_world_device": [[0.12331256804601831, 0.8767226152537925, -0.46492092495869286, -0.07848200000000001], [-0.04702931785049591, -0.4628072611895069, -0.885210529903923, -0.15510100000000002], [-0.9912528707773879, 0.13102249765905832, -0.015838285348133807, 0.02963]], "gaze_centre_in_pixels": [716, 457], "gaze_direction_in_world": [-0.6694346005995861, -0.7310485579526836, -0.13200500534212473]}
{"frame_index": 96, "tracking_timestamp_ns": 56655648512, "slam_timestamp_ns": 56656351000, "gaze_timestamp_ns": 56722410000, "T_world_device": [[0.12665918606885784, 0.8747425000030398, -0.46774246041257234, -0.07861000000000001], [-0.04622483452839182, -0.46582289271016, -0.8836697897404675, -0.15732700000000002], [-0.9908686670074887, 0.13354621415664042, -0.01856592112531774, 0.029318000000000004]], "gaze_centre_in_pixels": [700, 445], "gaze_direction_in_world": [-0.6643429595282507, -0.7396022720086309, -0.10787451675403253]}
{"frame_index": 97, "tracking_timestamp_ns": 56688975850, "slam_timestamp_ns": 56688377000, "gaze_timestamp_ns": 56722410000, "T_world_device": [[0.12929856473986145, 0.8731065660615439, -0.47007106426202283, -0.07839600000000002], [-0.044678070404021386, -0.4684394323018881, -0.8823652125337096, -0.15936100000000003], [-0.9905986832119177, 0.1350904236609835, -0.021559829635478867, 0.028773]], "gaze_centre_in_pixels": [700, 445], "gaze_direction_in_world": [-0.6660322045959711, -0.7375968054762424, -0.1111397993172235]}
{"frame_index": 98, "tracking_timestamp_ns": 56722303187, "slam_timestamp_ns": 56722310000, "gaze_timestamp_ns": 56722410000, "T_world_device": [[0.1308653762539117, 0.872118166429702, -0.47147020805265866, -0.07776800000000002], [-0.0426158551081689, -0.47017189362683975, -0.8815453926694597, -0.161612], [-0.990483791988199, 0.13545587557078165, -0.024363160345720614, 0.028038]], "gaze_centre_in_pixels": [700, 445], "gaze_direction_in_world": [-0.6670469069794149, -0.7362523320775449, -0.11393387292448293]}
{"frame_index": 99, "tracking_timestamp_ns": 56755634225, "slam_timestamp_ns": 56756288000, "gaze_timestamp_ns": 56822394000, "T_world_device": [[0.13085629285705624, 0.8721463956428687, -0.47142050781320577, -0.07684200000000001], [-0.040165047498815554, -0.47045512263596123, -0.8815093570376892, -0.16445500000000002], [-0.9905874012822523, 0.13428567366899224, -0.026532211896836744, 0.027621999999999997]], "gaze_centre_in_pixels": [725, 661], "gaze_direction_in_world": [-0.8549468721755293, -0.4748766535470608, -0.2087055573606609]}
{"frame_index": 100, "tracking_timestamp_ns": 56788961562, "slam_timestamp_ns": 56788314000, "gaze_timestamp_ns": 56822394000, "T_world_device": [[0.13073928084234698, 0.8728274855062933, -0.47019083465076983, -0.07583000000000001], [-0.03653778659703033, -0.4696974000968517, -0.8820710529729724, -0.16739400000000002], [-0.990743271789123, 0.13250106749388768, -0.02951671590073124, 0.027214]], "gaze_centre_in_pixels": [725, 661], "gaze_direction_in_world": [-0.8543178114639854, -0.4753449342933337, -0.21021006269218576]}
{"frame_index": 101, "tracking_timestamp_ns": 56822288887, "slam_timestamp_ns": 56822248000, "gaze_timestamp_ns": 56822394000, "T_world_device": [[0.13159402195267456, 0.8744042744617496, -0.46701196792945276, -0.074648], [-0.030777618814970653, -0.4672778790844554, -0.8835746272377978, -0.170826], [-0.9908257927438099, 0.1306466552245189, -0.0345788940286742, 0.026747]], "gaze_centre_in_pixels": [725, 661], "gaze_direction_in_world": [-0.8524585504668304, -0.47726371671940504, -0.2133864204657125]}
{"frame_index": 102, "tracking_timestamp_ns": 56855616225, "slam_timestamp_ns": 56856213000, "gaze_timestamp_ns": 56822394000, "T_world_device": [[0.1341070957868491, 0.8766808125697205, -0.4620022074965787, -0.07356800000000001], [-0.024038053908743195, -0.4631985138546071, -0.8859285009114247, -0.17433300000000002], [-0.990675253967665, 0.1299149323017893, -0.04104450683251448, 0.026201000000000002]], "gaze_centre_in_pixels": [725, 661], "gaze_direction_in_world": [-0.8492808938216126, -0.48068760292611995, -0.2183148913443691]}
{"frame_index": 103, "tracking_timestamp_ns": 56888943562, "slam_timestamp_ns": 56888239000, "gaze_timestamp_ns": 56822394000, "T_world_device": [[0.13729390231574712, 0.878942699642975, -0.4567385632188651, -0.07277400000000002], [-0.01864624740452192, -0.4587300221755264, -0.888380033663843, -0.17780200000000002], [-0.990354836331223, 0.13048562181006879, -0.046591851821925934, 0.025550000000000003]], "gaze_centre_in_pixels": [725, 661], "gaze_direction_in_world": [-0.8458084017324629, -0.48455995349295755, -0.22318109021527666]}
